Point	Segment	Pseudotime	Trajectories_1	Trajectories_2	Trajectories_3	Trajectories_4	Trajectories_5	Trajectories_6	Trajectories_7	Trajectory_15__46	Trajectory_15__47	Trajectory_15__48	Trajectory_15__49	Trajectory_15__50	Trajectory_15__51	Trajectory_15__52	Trajectory_15__53
0	2	3	47	49	50	51	52	53		0	1	0	1	1	1	1	1
1	1	4	48							0	0	1	0	0	0	0	0
2	12	7.041255803746	49							0	0	0	1	0	0	0	0
3	2	2.44500271967865	47	49	50	51	52	53		0	1	0	1	1	1	1	1
4	1	2	48							0	0	1	0	0	0	0	0
5	1	1.79448113180824	48							0	0	1	0	0	0	0	0
6	0	2.86321473131707	46							1	0	0	0	0	0	0	0
7	0	2.01903863248967	46							1	0	0	0	0	0	0	0
8	1	8.05630697595931	48							0	0	1	0	0	0	0	0
9	2	3	47	49	50	51	52	53		0	1	0	1	1	1	1	1
10	1	7.40243552822667	48							0	0	1	0	0	0	0	0
11	1	2	48							0	0	1	0	0	0	0	0
12	12	5.19411475732413	49							0	0	0	1	0	0	0	0
13	1	7	48							0	0	1	0	0	0	0	0
14	0	3	46							1	0	0	0	0	0	0	0
15	1	1	48							0	0	1	0	0	0	0	0
16	12	5.23663944932098	49							0	0	0	1	0	0	0	0
17	12	4.54322884068197	49							0	0	0	1	0	0	0	0
18	1	0	46	47	49	50	51	52	53	1	1	0	1	1	1	1	1
19	0	2.39574700032221	46							1	0	0	0	0	0	0	0
20	1	2.00940389593995	48							0	0	1	0	0	0	0	0
21	11	13.5832372057421	47							0	1	0	0	0	0	0	0
22	2	3	47	49	50	51	52	53		0	1	0	1	1	1	1	1
23	1	1.15624224338621	48							0	0	1	0	0	0	0	0
24	2	2.95564684541659	47	49	50	51	52	53		0	1	0	1	1	1	1	1
25	0	1.18488364807011	46							1	0	0	0	0	0	0	0
26	12	5.05956016583744	49							0	0	0	1	0	0	0	0
27	1	3.69219259249582	48							0	0	1	0	0	0	0	0
28	1	0	46	47	49	50	51	52	53	1	1	0	1	1	1	1	1
29	11	9.05993198538943	47							0	1	0	0	0	0	0	0
30	1	0.79691492734261	48							0	0	1	0	0	0	0	0
31	1	3.79078409681065	48							0	0	1	0	0	0	0	0
32	1	0.390427402939616	48							0	0	1	0	0	0	0	0
33	1	6.5489647174976	48							0	0	1	0	0	0	0	0
34	1	0.248486908914798	48							0	0	1	0	0	0	0	0
35	2	2.10144885349344	47	49	50	51	52	53		0	1	0	1	1	1	1	1
36	12	8.42253465941157	49							0	0	0	1	0	0	0	0
37	1	4	48							0	0	1	0	0	0	0	0
38	2	2	47	49	50	51	52	53		0	1	0	1	1	1	1	1
39	1	8.22005731106122	48							0	0	1	0	0	0	0	0
40	2	2.80586496822184	47	49	50	51	52	53		0	1	0	1	1	1	1	1
41	1	6	48							0	0	1	0	0	0	0	0
42	3	4.32651094745929	47	50	51	52	53			0	1	0	0	1	1	1	1
43	1	6.03923220354385	48							0	0	1	0	0	0	0	0
44	2	3	47	49	50	51	52	53		0	1	0	1	1	1	1	1
45	2	1.85875286483279	47	49	50	51	52	53		0	1	0	1	1	1	1	1
46	1	2.43178274456441	48							0	0	1	0	0	0	0	0
47	0	2	46							1	0	0	0	0	0	0	0
48	1	0.787398063221881	46	47	49	50	51	52	53	1	1	0	1	1	1	1	1
49	1	3	48							0	0	1	0	0	0	0	0
50	0	2.24855506432496	46							1	0	0	0	0	0	0	0
51	0	1.86545514700434	46							1	0	0	0	0	0	0	0
52	1	8	48							0	0	1	0	0	0	0	0
53	1	8.30811131322765	48							0	0	1	0	0	0	0	0
54	1	8	48							0	0	1	0	0	0	0	0
55	10	11.2866610582076	52							0	0	0	0	0	0	1	0
56	0	1	46							1	0	0	0	0	0	0	0
57	1	0	46	47	49	50	51	52	53	1	1	0	1	1	1	1	1
58	1	2.58526307568538	48							0	0	1	0	0	0	0	0
59	0	1.04840267381812	46							1	0	0	0	0	0	0	0
60	0	3.89517283504499	46							1	0	0	0	0	0	0	0
61	1	0.340367615184523	46	47	49	50	51	52	53	1	1	0	1	1	1	1	1
62	1	1	48							0	0	1	0	0	0	0	0
63	8	10.400360576095	53							0	0	0	0	0	0	0	1
64	0	3.10917389157844	46							1	0	0	0	0	0	0	0
65	2	2.58685061757676	47	49	50	51	52	53		0	1	0	1	1	1	1	1
66	0	3	46							1	0	0	0	0	0	0	0
67	1	8.17422816046376	48							0	0	1	0	0	0	0	0
68	1	8	48							0	0	1	0	0	0	0	0
69	12	6	49							0	0	0	1	0	0	0	0
70	1	0.779492710329882	48							0	0	1	0	0	0	0	0
71	2	2.02303181722049	47	49	50	51	52	53		0	1	0	1	1	1	1	1
72	1	4	48							0	0	1	0	0	0	0	0
73	1	8.53671876832178	48							0	0	1	0	0	0	0	0
74	1	1.97381070518352	48							0	0	1	0	0	0	0	0
75	1	0.332909107853016	46	47	49	50	51	52	53	1	1	0	1	1	1	1	1
76	1	0	46	47	49	50	51	52	53	1	1	0	1	1	1	1	1
77	1	1	48							0	0	1	0	0	0	0	0
78	1	1	46							1	0	0	0	0	0	0	0
79	2	3	47	49	50	51	52	53		0	1	0	1	1	1	1	1
80	1	7.76994486609887	48							0	0	1	0	0	0	0	0
81	2	1.11830698673091	47	49	50	51	52	53		0	1	0	1	1	1	1	1
82	1	0	46	47	49	50	51	52	53	1	1	0	1	1	1	1	1
83	1	0	46	47	49	50	51	52	53	1	1	0	1	1	1	1	1
84	1	7.17097716250946	48							0	0	1	0	0	0	0	0
85	1	3.85999873596967	48							0	0	1	0	0	0	0	0
86	1	0.843529100749937	48							0	0	1	0	0	0	0	0
87	1	1	48							0	0	1	0	0	0	0	0
88	1	8.24479385397296	48							0	0	1	0	0	0	0	0
89	1	1.75065903423822	48							0	0	1	0	0	0	0	0
90	2	3	47	49	50	51	52	53		0	1	0	1	1	1	1	1
91	12	7.32107812434329	49							0	0	0	1	0	0	0	0
92	1	6	48							0	0	1	0	0	0	0	0
93	1	0.833868462695659	48							0	0	1	0	0	0	0	0
94	1	8	48							0	0	1	0	0	0	0	0
95	1	0	46	47	49	50	51	52	53	1	1	0	1	1	1	1	1
96	1	1.90863699154361	48							0	0	1	0	0	0	0	0
97	1	8	48							0	0	1	0	0	0	0	0
98	0	3.56981353814849	46							1	0	0	0	0	0	0	0
99	2	0.966109473550049	46	47	49	50	51	52	53	1	1	0	1	1	1	1	1
100	1	5.80032155083844	48							0	0	1	0	0	0	0	0
101	12	8	49							0	0	0	1	0	0	0	0
102	1	4	48							0	0	1	0	0	0	0	0
103	1	0.193609724335005	46	47	49	50	51	52	53	1	1	0	1	1	1	1	1
104	1	0.819743961899597	48							0	0	1	0	0	0	0	0
105	1	8.44493341113226	48							0	0	1	0	0	0	0	0
106	1	8.20371095196125	48							0	0	1	0	0	0	0	0
107	2	2.34323619146695	47	49	50	51	52	53		0	1	0	1	1	1	1	1
108	1	1.55059494709151	48							0	0	1	0	0	0	0	0
109	1	8.89778232399084	48							0	0	1	0	0	0	0	0
110	1	8	48							0	0	1	0	0	0	0	0
111	0	2.35573107464975	46							1	0	0	0	0	0	0	0
112	1	8.13238648622848	48							0	0	1	0	0	0	0	0
113	12	5.95071830451671	49							0	0	0	1	0	0	0	0
114	1	2	48							0	0	1	0	0	0	0	0
115	10	11.2975506067771	52							0	0	0	0	0	0	1	0
116	2	1.69797739655133	47	49	50	51	52	53		0	1	0	1	1	1	1	1
117	1	0.132478003398512	46	47	49	50	51	52	53	1	1	0	1	1	1	1	1
118	2	1.6563586096476	47	49	50	51	52	53		0	1	0	1	1	1	1	1
119	2	3	47	49	50	51	52	53		0	1	0	1	1	1	1	1
120	2	1.80766481883184	47	49	50	51	52	53		0	1	0	1	1	1	1	1
121	1	6.44418912002805	48							0	0	1	0	0	0	0	0
122	1	0.169813907859532	46	47	49	50	51	52	53	1	1	0	1	1	1	1	1
123	1	4	48							0	0	1	0	0	0	0	0
124	0	2.63959666346317	46							1	0	0	0	0	0	0	0
125	0	1.28010864012968	46							1	0	0	0	0	0	0	0
126	2	1.72295098057907	47	49	50	51	52	53		0	1	0	1	1	1	1	1
127	0	1.88036242381743	46							1	0	0	0	0	0	0	0
128	0	2.03542322579897	46							1	0	0	0	0	0	0	0
129	11	9.92221632605266	47							0	1	0	0	0	0	0	0
130	11	9.67600842588405	47							0	1	0	0	0	0	0	0
131	1	0	46	47	49	50	51	52	53	1	1	0	1	1	1	1	1
132	1	4	48							0	0	1	0	0	0	0	0
133	1	1.40332339776806	48							0	0	1	0	0	0	0	0
134	2	3	47	49	50	51	52	53		0	1	0	1	1	1	1	1
135	0	3.67871170629549	46							1	0	0	0	0	0	0	0
136	1	4	48							0	0	1	0	0	0	0	0
137	1	7.37867604941378	48							0	0	1	0	0	0	0	0
138	1	8	48							0	0	1	0	0	0	0	0
139	0	3	46							1	0	0	0	0	0	0	0
140	2	3.07663800748974	47	49	50	51	52	53		0	1	0	1	1	1	1	1
141	0	2.37236938231507	46							1	0	0	0	0	0	0	0
142	1	0	46	47	49	50	51	52	53	1	1	0	1	1	1	1	1
143	1	1.65315553886181	48							0	0	1	0	0	0	0	0
144	2	2	47	49	50	51	52	53		0	1	0	1	1	1	1	1
145	12	6.93734690113207	49							0	0	0	1	0	0	0	0
146	0	3.59114617003088	46							1	0	0	0	0	0	0	0
147	1	0.207548261334071	48							0	0	1	0	0	0	0	0
148	11	11.6294126381326	47							0	1	0	0	0	0	0	0
149	1	1	48							0	0	1	0	0	0	0	0
150	1	3.41679241895825	48							0	0	1	0	0	0	0	0
151	1	0.647769907378029	46	47	49	50	51	52	53	1	1	0	1	1	1	1	1
152	8	9.64410421881481	53							0	0	0	0	0	0	0	1
153	2	1.1307241832961	47	49	50	51	52	53		0	1	0	1	1	1	1	1
154	12	5	49							0	0	0	1	0	0	0	0
155	1	0	46	47	49	50	51	52	53	1	1	0	1	1	1	1	1
156	1	6	48							0	0	1	0	0	0	0	0
157	2	2.42750747394361	47	49	50	51	52	53		0	1	0	1	1	1	1	1
158	1	0	46	47	49	50	51	52	53	1	1	0	1	1	1	1	1
159	2	2.12383426647253	47	49	50	51	52	53		0	1	0	1	1	1	1	1
160	1	8	48							0	0	1	0	0	0	0	0
161	1	1.3431406674849	48							0	0	1	0	0	0	0	0
162	2	1.41260881398941	47	49	50	51	52	53		0	1	0	1	1	1	1	1
163	12	5.55419386577102	49							0	0	0	1	0	0	0	0
164	1	1	48							0	0	1	0	0	0	0	0
165	1	1.80732565223169	48							0	0	1	0	0	0	0	0
166	0	3.68102009627136	46							1	0	0	0	0	0	0	0
167	12	8	49							0	0	0	1	0	0	0	0
168	12	4.92358879682273	49							0	0	0	1	0	0	0	0
169	2	2.38757573210573	47	49	50	51	52	53		0	1	0	1	1	1	1	1
170	1	4	48							0	0	1	0	0	0	0	0
171	0	3.36342569984577	46							1	0	0	0	0	0	0	0
172	12	6	49							0	0	0	1	0	0	0	0
173	11	11	47							0	1	0	0	0	0	0	0
174	1	3.26717122860616	48							0	0	1	0	0	0	0	0
175	1	4	48							0	0	1	0	0	0	0	0
176	0	2.49519995419656	46							1	0	0	0	0	0	0	0
177	1	1.74911215866314	48							0	0	1	0	0	0	0	0
178	1	0.490382155850044	46	47	49	50	51	52	53	1	1	0	1	1	1	1	1
179	11	10.7246042976353	47							0	1	0	0	0	0	0	0
180	2	2.73779039896771	47	49	50	51	52	53		0	1	0	1	1	1	1	1
181	1	6.72806698417882	48							0	0	1	0	0	0	0	0
182	2	1.04133816512507	47	49	50	51	52	53		0	1	0	1	1	1	1	1
183	1	4	48							0	0	1	0	0	0	0	0
184	1	0.766710578777286	48							0	0	1	0	0	0	0	0
185	1	0.777747695997044	48							0	0	1	0	0	0	0	0
186	11	13.0264274949669	47							0	1	0	0	0	0	0	0
187	1	3	48							0	0	1	0	0	0	0	0
188	1	3.18261916451213	48							0	0	1	0	0	0	0	0
189	1	4	48							0	0	1	0	0	0	0	0
190	1	4	48							0	0	1	0	0	0	0	0
191	1	1	48							0	0	1	0	0	0	0	0
192	1	7	48							0	0	1	0	0	0	0	0
193	1	6.24137342587249	48							0	0	1	0	0	0	0	0
194	1	8	48							0	0	1	0	0	0	0	0
195	11	13.3748309473391	47							0	1	0	0	0	0	0	0
196	1	0.102619884276377	48							0	0	1	0	0	0	0	0
197	1	5.53489741990161	48							0	0	1	0	0	0	0	0
198	1	3.86432757554911	48							0	0	1	0	0	0	0	0
199	1	4	48							0	0	1	0	0	0	0	0
200	1	3	48							0	0	1	0	0	0	0	0
201	2	3	47	49	50	51	52	53		0	1	0	1	1	1	1	1
202	2	3	47	49	50	51	52	53		0	1	0	1	1	1	1	1
203	2	1.75279241441588	47	49	50	51	52	53		0	1	0	1	1	1	1	1
204	2	3	47	49	50	51	52	53		0	1	0	1	1	1	1	1
205	12	7	49							0	0	0	1	0	0	0	0
206	2	2.68295718488072	47	49	50	51	52	53		0	1	0	1	1	1	1	1
207	1	8	48							0	0	1	0	0	0	0	0
208	1	8	48							0	0	1	0	0	0	0	0
209	2	1	46							1	0	0	0	0	0	0	0
210	2	1.99850831367543	47	49	50	51	52	53		0	1	0	1	1	1	1	1
211	2	2.18434376281011	47	49	50	51	52	53		0	1	0	1	1	1	1	1
212	2	2.24040233698689	47	49	50	51	52	53		0	1	0	1	1	1	1	1
213	1	1	48							0	0	1	0	0	0	0	0
214	1	7.55957544048876	48							0	0	1	0	0	0	0	0
215	1	4	48							0	0	1	0	0	0	0	0
216	0	3.88577764600155	46							1	0	0	0	0	0	0	0
217	1	8.64222956635806	48							0	0	1	0	0	0	0	0
218	12	6.89397997601614	49							0	0	0	1	0	0	0	0
219	8	10.5852194137117	53							0	0	0	0	0	0	0	1
220	1	8	48							0	0	1	0	0	0	0	0
221	1	1.99200475952273	48							0	0	1	0	0	0	0	0
222	0	3	46							1	0	0	0	0	0	0	0
223	2	2.08748074975553	47	49	50	51	52	53		0	1	0	1	1	1	1	1
224	1	3.25882131527706	48							0	0	1	0	0	0	0	0
225	1	7.68508311376981	48							0	0	1	0	0	0	0	0
226	12	6	49							0	0	0	1	0	0	0	0
227	1	0.298197530276695	46	47	49	50	51	52	53	1	1	0	1	1	1	1	1
228	1	2	48							0	0	1	0	0	0	0	0
229	1	0.219291626615985	46	47	49	50	51	52	53	1	1	0	1	1	1	1	1
230	2	2.15570638961955	47	49	50	51	52	53		0	1	0	1	1	1	1	1
231	1	3.69347180029077	48							0	0	1	0	0	0	0	0
232	0	3.11522322386095	46							1	0	0	0	0	0	0	0
233	0	3.06435568400561	46							1	0	0	0	0	0	0	0
234	1	0.00166760789973752	46	47	49	50	51	52	53	1	1	0	1	1	1	1	1
235	2	2	47	49	50	51	52	53		0	1	0	1	1	1	1	1
236	1	6.24597251248501	48							0	0	1	0	0	0	0	0
237	1	1	48							0	0	1	0	0	0	0	0
238	1	8.04638692680745	48							0	0	1	0	0	0	0	0
239	1	8	48							0	0	1	0	0	0	0	0
240	1	5.0073078362343	48							0	0	1	0	0	0	0	0
241	1	8.42151657435705	48							0	0	1	0	0	0	0	0
242	2	3	47	49	50	51	52	53		0	1	0	1	1	1	1	1
243	1	4	48							0	0	1	0	0	0	0	0
244	2	1.75297726748721	47	49	50	51	52	53		0	1	0	1	1	1	1	1
245	11	13.6010006579529	47							0	1	0	0	0	0	0	0
246	12	7.24954203553193	49							0	0	0	1	0	0	0	0
247	2	3	47	49	50	51	52	53		0	1	0	1	1	1	1	1
248	1	3.41426988060859	48							0	0	1	0	0	0	0	0
249	1	4	48							0	0	1	0	0	0	0	0
250	1	6.91293649386721	48							0	0	1	0	0	0	0	0
251	1	0.770791675124216	48							0	0	1	0	0	0	0	0
252	1	0.770116882549054	46	47	49	50	51	52	53	1	1	0	1	1	1	1	1
253	0	1.78696953351472	46							1	0	0	0	0	0	0	0
254	1	0.0721279133292171	48							0	0	1	0	0	0	0	0
255	11	9.74565620223181	47							0	1	0	0	0	0	0	0
256	1	2.39948863378447	48							0	0	1	0	0	0	0	0
257	1	3	48							0	0	1	0	0	0	0	0
258	1	0.690658947057052	48							0	0	1	0	0	0	0	0
259	0	2	46							1	0	0	0	0	0	0	0
260	1	3.07510186149503	48							0	0	1	0	0	0	0	0
261	1	3	48							0	0	1	0	0	0	0	0
262	1	2.055109207935	48							0	0	1	0	0	0	0	0
263	1	8	48							0	0	1	0	0	0	0	0
264	1	8.29716011530289	48							0	0	1	0	0	0	0	0
265	1	0.344271774770623	48							0	0	1	0	0	0	0	0
266	1	0.914592164537698	48							0	0	1	0	0	0	0	0
267	1	2.73967549636028	48							0	0	1	0	0	0	0	0
268	2	1.81101267788525	47	49	50	51	52	53		0	1	0	1	1	1	1	1
269	1	0.679584147815789	48							0	0	1	0	0	0	0	0
270	0	2	46							1	0	0	0	0	0	0	0
271	2	1.19245689456693	47	49	50	51	52	53		0	1	0	1	1	1	1	1
272	8	10.2771681670307	53							0	0	0	0	0	0	0	1
273	0	3.73852471219108	46							1	0	0	0	0	0	0	0
274	2	0.625065476108746	46	47	49	50	51	52	53	1	1	0	1	1	1	1	1
275	1	8.24852356622384	48							0	0	1	0	0	0	0	0
276	12	6	49							0	0	0	1	0	0	0	0
277	1	4	48							0	0	1	0	0	0	0	0
278	1	1.02291331159853	48							0	0	1	0	0	0	0	0
279	1	0	46	47	49	50	51	52	53	1	1	0	1	1	1	1	1
280	12	6.10903179175259	49							0	0	0	1	0	0	0	0
281	1	1	48							0	0	1	0	0	0	0	0
282	1	1	48							0	0	1	0	0	0	0	0
283	2	3	47	49	50	51	52	53		0	1	0	1	1	1	1	1
284	1	1.83748514667682	48							0	0	1	0	0	0	0	0
285	1	7	48							0	0	1	0	0	0	0	0
286	1	7.66857876437757	48							0	0	1	0	0	0	0	0
287	1	1.16180016960624	48							0	0	1	0	0	0	0	0
288	1	2.42475025722555	48							0	0	1	0	0	0	0	0
289	2	2	47	49	50	51	52	53		0	1	0	1	1	1	1	1
290	0	2.19915934777008	46							1	0	0	0	0	0	0	0
291	0	1.93863438584125	46							1	0	0	0	0	0	0	0
292	2	3	47	49	50	51	52	53		0	1	0	1	1	1	1	1
293	2	3	47	49	50	51	52	53		0	1	0	1	1	1	1	1
294	2	1.07668644273074	47	49	50	51	52	53		0	1	0	1	1	1	1	1
295	2	2	47	49	50	51	52	53		0	1	0	1	1	1	1	1
296	2	2	47	49	50	51	52	53		0	1	0	1	1	1	1	1
297	1	0	46	47	49	50	51	52	53	1	1	0	1	1	1	1	1
298	1	9	48							0	0	1	0	0	0	0	0
299	1	0.0573809209269533	46	47	49	50	51	52	53	1	1	0	1	1	1	1	1
300	8	9.80849232731766	53							0	0	0	0	0	0	0	1
301	1	6	48							0	0	1	0	0	0	0	0
302	1	0	46	47	49	50	51	52	53	1	1	0	1	1	1	1	1
303	12	8.31849425750046	49							0	0	0	1	0	0	0	0
304	0	1.59747786746064	46							1	0	0	0	0	0	0	0
305	2	1.50313834786785	47	49	50	51	52	53		0	1	0	1	1	1	1	1
306	1	0.927870894578724	48							0	0	1	0	0	0	0	0
307	1	0.017238433929899	46	47	49	50	51	52	53	1	1	0	1	1	1	1	1
308	1	0	46	47	49	50	51	52	53	1	1	0	1	1	1	1	1
309	1	7.16575163132052	48							0	0	1	0	0	0	0	0
310	1	1.83408721643615	48							0	0	1	0	0	0	0	0
311	2	3	47	49	50	51	52	53		0	1	0	1	1	1	1	1
312	12	5.52708659850931	49							0	0	0	1	0	0	0	0
313	1	3.63337366975953	48							0	0	1	0	0	0	0	0
314	1	2.02803242148199	48							0	0	1	0	0	0	0	0
315	12	6.85243196164875	49							0	0	0	1	0	0	0	0
316	0	1.39033411296186	46							1	0	0	0	0	0	0	0
317	1	3.41237223131299	48							0	0	1	0	0	0	0	0
318	2	2.29260757124487	47	49	50	51	52	53		0	1	0	1	1	1	1	1
319	12	7.33020150952172	49							0	0	0	1	0	0	0	0
320	12	6.33591737165967	49							0	0	0	1	0	0	0	0
321	1	3.76661124550947	48							0	0	1	0	0	0	0	0
322	0	3.68395447736003	46							1	0	0	0	0	0	0	0
323	0	1.67471239511722	46							1	0	0	0	0	0	0	0
324	1	1.69955079941937	48							0	0	1	0	0	0	0	0
325	0	2.87238475286062	46							1	0	0	0	0	0	0	0
326	12	8	49							0	0	0	1	0	0	0	0
327	1	1.12482494817836	48							0	0	1	0	0	0	0	0
328	12	8	49							0	0	0	1	0	0	0	0
329	1	5.74092490704222	48							0	0	1	0	0	0	0	0
330	1	0.0442750269472405	46	47	49	50	51	52	53	1	1	0	1	1	1	1	1
331	12	6.86442617643414	49							0	0	0	1	0	0	0	0
332	0	2	46							1	0	0	0	0	0	0	0
333	1	4	48							0	0	1	0	0	0	0	0
334	1	4	48							0	0	1	0	0	0	0	0
335	1	4	48							0	0	1	0	0	0	0	0
336	1	1.67913470644382	48							0	0	1	0	0	0	0	0
337	2	1.31570555095995	47	49	50	51	52	53		0	1	0	1	1	1	1	1
338	1	3	48							0	0	1	0	0	0	0	0
339	0	2	46							1	0	0	0	0	0	0	0
340	1	0.0624691763228346	48							0	0	1	0	0	0	0	0
341	1	1	48							0	0	1	0	0	0	0	0
342	2	3	47	49	50	51	52	53		0	1	0	1	1	1	1	1
343	1	7	48							0	0	1	0	0	0	0	0
344	1	5.582132681176	48							0	0	1	0	0	0	0	0
345	2	3	47	49	50	51	52	53		0	1	0	1	1	1	1	1
346	10	8.36339597218333	52							0	0	0	0	0	0	1	0
347	1	2.14360249738796	48							0	0	1	0	0	0	0	0
348	1	9	48							0	0	1	0	0	0	0	0
349	1	8.47334830893816	48							0	0	1	0	0	0	0	0
350	1	0	46	47	49	50	51	52	53	1	1	0	1	1	1	1	1
351	1	2.79636302454095	48							0	0	1	0	0	0	0	0
352	1	0.378573201703436	46	47	49	50	51	52	53	1	1	0	1	1	1	1	1
353	1	1.97351257105011	48							0	0	1	0	0	0	0	0
354	0	3.22926910961987	46							1	0	0	0	0	0	0	0
355	1	0.777705088646769	48							0	0	1	0	0	0	0	0
356	1	1	48							0	0	1	0	0	0	0	0
357	1	1.05216880493187	48							0	0	1	0	0	0	0	0
358	2	2.03003995226315	47	49	50	51	52	53		0	1	0	1	1	1	1	1
359	1	0.31461255952509	46	47	49	50	51	52	53	1	1	0	1	1	1	1	1
360	1	4	48							0	0	1	0	0	0	0	0
361	1	9	48							0	0	1	0	0	0	0	0
362	1	0.23545036113695	48							0	0	1	0	0	0	0	0
363	0	3.37193175036156	46							1	0	0	0	0	0	0	0
364	1	4	48							0	0	1	0	0	0	0	0
365	1	6.44376947658613	48							0	0	1	0	0	0	0	0
366	2	2.79410728272007	47	49	50	51	52	53		0	1	0	1	1	1	1	1
367	0	3.23289001567334	46							1	0	0	0	0	0	0	0
368	1	1.64629564667565	48							0	0	1	0	0	0	0	0
369	1	2.86970793352215	48							0	0	1	0	0	0	0	0
370	1	1	48							0	0	1	0	0	0	0	0
371	1	1	48							0	0	1	0	0	0	0	0
372	11	10.7975997623432	47							0	1	0	0	0	0	0	0
373	1	0.869577784186548	48							0	0	1	0	0	0	0	0
374	0	3.01807398227123	46							1	0	0	0	0	0	0	0
375	1	0.262603630264744	48							0	0	1	0	0	0	0	0
376	0	3	46							1	0	0	0	0	0	0	0
377	1	2	48							0	0	1	0	0	0	0	0
378	1	3.64483199086011	48							0	0	1	0	0	0	0	0
379	1	7	48							0	0	1	0	0	0	0	0
380	11	9.81529503510241	47							0	1	0	0	0	0	0	0
381	1	8	48							0	0	1	0	0	0	0	0
382	1	3.29961688069713	48							0	0	1	0	0	0	0	0
383	1	0.0593798593751533	46	47	49	50	51	52	53	1	1	0	1	1	1	1	1
384	1	0.478033128258406	46	47	49	50	51	52	53	1	1	0	1	1	1	1	1
385	12	8	49							0	0	0	1	0	0	0	0
386	1	0	46	47	49	50	51	52	53	1	1	0	1	1	1	1	1
387	1	0.637822846315647	48							0	0	1	0	0	0	0	0
388	1	7.64235265854688	48							0	0	1	0	0	0	0	0
389	1	0.227890636781433	46	47	49	50	51	52	53	1	1	0	1	1	1	1	1
390	2	3.37248289449474	47	49	50	51	52	53		0	1	0	1	1	1	1	1
391	0	3.38231783244663	46							1	0	0	0	0	0	0	0
392	2	3.42809295057443	47	49	50	51	52	53		0	1	0	1	1	1	1	1
393	2	3.56974799391877	47	49	50	51	52	53		0	1	0	1	1	1	1	1
394	1	2	48							0	0	1	0	0	0	0	0
395	1	0.0923159184462701	48							0	0	1	0	0	0	0	0
396	1	0.0738617441063644	48							0	0	1	0	0	0	0	0
397	0	1	46							1	0	0	0	0	0	0	0
398	1	0.0793601562258789	46	47	49	50	51	52	53	1	1	0	1	1	1	1	1
399	8	9.70965251901855	53							0	0	0	0	0	0	0	1
400	1	0	46	47	49	50	51	52	53	1	1	0	1	1	1	1	1
401	2	3	47	49	50	51	52	53		0	1	0	1	1	1	1	1
402	0	3	46							1	0	0	0	0	0	0	0
403	1	1.08772156425367	48							0	0	1	0	0	0	0	0
404	1	4.24738867549979	48							0	0	1	0	0	0	0	0
405	0	1.58397642721108	46							1	0	0	0	0	0	0	0
406	0	2.51158463053397	46							1	0	0	0	0	0	0	0
407	1	1	48							0	0	1	0	0	0	0	0
408	2	2.5506556808678	47	49	50	51	52	53		0	1	0	1	1	1	1	1
409	2	2	47	49	50	51	52	53		0	1	0	1	1	1	1	1
410	1	1.21936714977106	48							0	0	1	0	0	0	0	0
411	2	3	47	49	50	51	52	53		0	1	0	1	1	1	1	1
412	2	3.41585338156035	47	49	50	51	52	53		0	1	0	1	1	1	1	1
413	2	2.77001491888533	47	49	50	51	52	53		0	1	0	1	1	1	1	1
414	1	2.04111237782739	48							0	0	1	0	0	0	0	0
415	1	0.359711162365603	46	47	49	50	51	52	53	1	1	0	1	1	1	1	1
416	0	3.49853788904468	46							1	0	0	0	0	0	0	0
417	1	3.56981590104918	48							0	0	1	0	0	0	0	0
418	1	8	48							0	0	1	0	0	0	0	0
419	1	1.77066628494923	48							0	0	1	0	0	0	0	0
420	1	1.31859682759857	46							1	0	0	0	0	0	0	0
421	11	13.5470122376003	47							0	1	0	0	0	0	0	0
422	0	2.18016406841519	46							1	0	0	0	0	0	0	0
423	1	8.87055790966086	48							0	0	1	0	0	0	0	0
424	11	13.1494309009424	47							0	1	0	0	0	0	0	0
425	1	0.0382297819140247	48							0	0	1	0	0	0	0	0
426	1	3	48							0	0	1	0	0	0	0	0
427	2	2.64954385232656	47	49	50	51	52	53		0	1	0	1	1	1	1	1
428	0	2.0647060508026	46							1	0	0	0	0	0	0	0
429	1	7.41636925560769	48							0	0	1	0	0	0	0	0
430	1	0.816953031708127	48							0	0	1	0	0	0	0	0
431	1	0.217642579918495	46	47	49	50	51	52	53	1	1	0	1	1	1	1	1
432	1	0.748581746786668	48							0	0	1	0	0	0	0	0
433	1	0	46	47	49	50	51	52	53	1	1	0	1	1	1	1	1
434	1	2	48							0	0	1	0	0	0	0	0
435	2	1.35209547794335	47	49	50	51	52	53		0	1	0	1	1	1	1	1
436	2	1.35940666959783	47	49	50	51	52	53		0	1	0	1	1	1	1	1
437	2	3	47	49	50	51	52	53		0	1	0	1	1	1	1	1
438	2	2.87898140522852	47	49	50	51	52	53		0	1	0	1	1	1	1	1
439	2	1.39500499617348	47	49	50	51	52	53		0	1	0	1	1	1	1	1
440	1	2.22441359334052	48							0	0	1	0	0	0	0	0
441	1	1.65194864560334	48							0	0	1	0	0	0	0	0
442	1	1	48							0	0	1	0	0	0	0	0
443	1	3.50547160130898	48							0	0	1	0	0	0	0	0
444	1	7	48							0	0	1	0	0	0	0	0
445	0	3.2151507137856	46							1	0	0	0	0	0	0	0
446	12	8.50152519133385	49							0	0	0	1	0	0	0	0
447	1	4.28071149814629	48							0	0	1	0	0	0	0	0
448	1	0	46	47	49	50	51	52	53	1	1	0	1	1	1	1	1
449	0	3.32493613931701	46							1	0	0	0	0	0	0	0
450	0	2	46							1	0	0	0	0	0	0	0
451	0	2.00591463051109	46							1	0	0	0	0	0	0	0
452	1	0.570516000719594	46	47	49	50	51	52	53	1	1	0	1	1	1	1	1
453	1	2.29251190944025	48							0	0	1	0	0	0	0	0
454	1	7	48							0	0	1	0	0	0	0	0
455	1	4	48							0	0	1	0	0	0	0	0
456	0	3.62546821006545	46							1	0	0	0	0	0	0	0
457	2	2.85382962289654	47	49	50	51	52	53		0	1	0	1	1	1	1	1
458	12	7.79787556625076	49							0	0	0	1	0	0	0	0
459	1	1.56555942881155	48							0	0	1	0	0	0	0	0
460	12	6	49							0	0	0	1	0	0	0	0
461	11	13.4254307647897	47							0	1	0	0	0	0	0	0
462	1	2.35257238392604	48							0	0	1	0	0	0	0	0
463	1	8	48							0	0	1	0	0	0	0	0
464	1	0	46	47	49	50	51	52	53	1	1	0	1	1	1	1	1
465	1	3	48							0	0	1	0	0	0	0	0
466	0	0.550470398760252	46	47	49	50	51	52	53	1	1	0	1	1	1	1	1
467	0	1.91991236435736	46							1	0	0	0	0	0	0	0
468	1	4	48							0	0	1	0	0	0	0	0
469	1	2.92598432337807	48							0	0	1	0	0	0	0	0
470	1	8.1913562687497	48							0	0	1	0	0	0	0	0
471	0	2.12672187528615	46							1	0	0	0	0	0	0	0
472	1	2.54780588464342	48							0	0	1	0	0	0	0	0
473	0	3.42641184560392	46							1	0	0	0	0	0	0	0
474	12	8.21412075450102	49							0	0	0	1	0	0	0	0
475	0	2	46							1	0	0	0	0	0	0	0
476	1	4	48							0	0	1	0	0	0	0	0
477	1	1.97513496600274	48							0	0	1	0	0	0	0	0
478	1	3.00302784112877	48							0	0	1	0	0	0	0	0
479	12	6.01066356736341	49							0	0	0	1	0	0	0	0
480	1	6.87684264894613	48							0	0	1	0	0	0	0	0
481	0	3	46							1	0	0	0	0	0	0	0
482	1	4	48							0	0	1	0	0	0	0	0
483	1	2.09810247957116	48							0	0	1	0	0	0	0	0
484	2	1.3644763137186	47	49	50	51	52	53		0	1	0	1	1	1	1	1
485	0	3.13161829649732	46							1	0	0	0	0	0	0	0
486	2	3	47	49	50	51	52	53		0	1	0	1	1	1	1	1
487	12	5	49							0	0	0	1	0	0	0	0
488	1	0.799605023891934	48							0	0	1	0	0	0	0	0
489	1	8	48							0	0	1	0	0	0	0	0
490	2	2	47	49	50	51	52	53		0	1	0	1	1	1	1	1
491	2	3	47	49	50	51	52	53		0	1	0	1	1	1	1	1
492	1	3.139650255286	48							0	0	1	0	0	0	0	0
493	2	1.36026514279704	47	49	50	51	52	53		0	1	0	1	1	1	1	1
494	1	0.73554383685163	46	47	49	50	51	52	53	1	1	0	1	1	1	1	1
495	1	0.633253897165496	48							0	0	1	0	0	0	0	0
496	1	8.12688765843267	48							0	0	1	0	0	0	0	0
497	1	5.72167916482939	48							0	0	1	0	0	0	0	0
498	2	2.03510495972818	47	49	50	51	52	53		0	1	0	1	1	1	1	1
499	2	3	47	49	50	51	52	53		0	1	0	1	1	1	1	1
500	2	3	47	49	50	51	52	53		0	1	0	1	1	1	1	1
501	1	8.37156210057225	48							0	0	1	0	0	0	0	0
502	1	2.8029625315515	48							0	0	1	0	0	0	0	0
503	1	8	48							0	0	1	0	0	0	0	0
504	1	7	48							0	0	1	0	0	0	0	0
505	1	7.93385809966168	48							0	0	1	0	0	0	0	0
506	11	13.0666885301897	47							0	1	0	0	0	0	0	0
507	5	10.3946405331034	51							0	0	0	0	0	1	0	0
508	12	6	49							0	0	0	1	0	0	0	0
509	12	6.70629653144366	49							0	0	0	1	0	0	0	0
510	1	0.447496927718804	48							0	0	1	0	0	0	0	0
511	1	3.59114892186926	48							0	0	1	0	0	0	0	0
512	11	13.7274790053966	47							0	1	0	0	0	0	0	0
513	1	1.89982777936156	48							0	0	1	0	0	0	0	0
514	1	8.41831862971425	48							0	0	1	0	0	0	0	0
515	2	3	47	49	50	51	52	53		0	1	0	1	1	1	1	1
516	12	5.63400099293801	49							0	0	0	1	0	0	0	0
517	1	3.91448346692466	48							0	0	1	0	0	0	0	0
518	1	1.69064954825361	48							0	0	1	0	0	0	0	0
519	1	1	48							0	0	1	0	0	0	0	0
520	11	11.2125884776346	47							0	1	0	0	0	0	0	0
521	2	2	47	49	50	51	52	53		0	1	0	1	1	1	1	1
522	1	9	48							0	0	1	0	0	0	0	0
523	1	8.67908564080105	48							0	0	1	0	0	0	0	0
524	2	1.72600498206676	47	49	50	51	52	53		0	1	0	1	1	1	1	1
525	1	4.36687791654981	48							0	0	1	0	0	0	0	0
526	1	1	48							0	0	1	0	0	0	0	0
527	2	1.53595912365935	47	49	50	51	52	53		0	1	0	1	1	1	1	1
528	1	0.329659973084556	46	47	49	50	51	52	53	1	1	0	1	1	1	1	1
529	2	2.08904373750184	47	49	50	51	52	53		0	1	0	1	1	1	1	1
530	0	3	46							1	0	0	0	0	0	0	0
531	0	0.548391644289018	46	47	49	50	51	52	53	1	1	0	1	1	1	1	1
532	0	1.33963877347062	46							1	0	0	0	0	0	0	0
533	1	2.7672047240511	48							0	0	1	0	0	0	0	0
534	1	3	48							0	0	1	0	0	0	0	0
535	2	3	47	49	50	51	52	53		0	1	0	1	1	1	1	1
536	2	2.06016928035582	47	49	50	51	52	53		0	1	0	1	1	1	1	1
537	1	4	48							0	0	1	0	0	0	0	0
538	1	1.39478797637232	48							0	0	1	0	0	0	0	0
539	0	3.08778151073861	46							1	0	0	0	0	0	0	0
540	1	2.23400154014013	48							0	0	1	0	0	0	0	0
541	1	3.25446125294035	48							0	0	1	0	0	0	0	0
542	0	1.86312689675742	46							1	0	0	0	0	0	0	0
543	1	1.4629862239786	48							0	0	1	0	0	0	0	0
544	3	4.53301608381054	47	50	51	52	53			0	1	0	0	1	1	1	1
545	1	0.784544308877254	46	47	49	50	51	52	53	1	1	0	1	1	1	1	1
546	2	3	47	49	50	51	52	53		0	1	0	1	1	1	1	1
547	12	5.31910231398569	49							0	0	0	1	0	0	0	0
548	12	5.55865419624427	49							0	0	0	1	0	0	0	0
549	1	6.3362847221243	48							0	0	1	0	0	0	0	0
550	0	3.05470383905772	46							1	0	0	0	0	0	0	0
551	1	0	46	47	49	50	51	52	53	1	1	0	1	1	1	1	1
552	1	0.937969683703839	48							0	0	1	0	0	0	0	0
553	2	3	47	49	50	51	52	53		0	1	0	1	1	1	1	1
554	11	13.5041077231009	47							0	1	0	0	0	0	0	0
555	2	1.95321266119916	47	49	50	51	52	53		0	1	0	1	1	1	1	1
556	1	8	48							0	0	1	0	0	0	0	0
557	0	4	46							1	0	0	0	0	0	0	0
558	0	1.92418709948342	46							1	0	0	0	0	0	0	0
559	1	1	48							0	0	1	0	0	0	0	0
560	0	3.53514281599362	46							1	0	0	0	0	0	0	0
561	1	0.754864456784952	46	47	49	50	51	52	53	1	1	0	1	1	1	1	1
562	1	0	46	47	49	50	51	52	53	1	1	0	1	1	1	1	1
563	0	3.72738524542138	46							1	0	0	0	0	0	0	0
564	12	8.0257443518132	49							0	0	0	1	0	0	0	0
565	0	3.14044501595724	46							1	0	0	0	0	0	0	0
566	2	1.57704012384665	47	49	50	51	52	53		0	1	0	1	1	1	1	1
567	1	0	46	47	49	50	51	52	53	1	1	0	1	1	1	1	1
568	1	0.0989830697336913	48							0	0	1	0	0	0	0	0
569	1	3	48							0	0	1	0	0	0	0	0
570	1	1	48							0	0	1	0	0	0	0	0
571	1	8	48							0	0	1	0	0	0	0	0
572	2	2.41886371137812	47	49	50	51	52	53		0	1	0	1	1	1	1	1
573	1	8.74616244647259	48							0	0	1	0	0	0	0	0
574	1	0.258585421865913	46	47	49	50	51	52	53	1	1	0	1	1	1	1	1
575	1	2.15437011595876	48							0	0	1	0	0	0	0	0
576	1	0	46	47	49	50	51	52	53	1	1	0	1	1	1	1	1
577	12	7.74685620699576	49							0	0	0	1	0	0	0	0
578	1	0.338656530684274	46	47	49	50	51	52	53	1	1	0	1	1	1	1	1
579	1	2.06404654103426	48							0	0	1	0	0	0	0	0
580	5	8	51							0	0	0	0	0	1	0	0
581	1	7.23224274178385	48							0	0	1	0	0	0	0	0
582	12	6	49							0	0	0	1	0	0	0	0
583	2	1.08068467408051	47	49	50	51	52	53		0	1	0	1	1	1	1	1
584	12	5	49							0	0	0	1	0	0	0	0
585	11	13.5841889326031	47							0	1	0	0	0	0	0	0
586	1	9	48							0	0	1	0	0	0	0	0
587	2	2.09304960486361	47	49	50	51	52	53		0	1	0	1	1	1	1	1
588	1	1	48							0	0	1	0	0	0	0	0
589	0	3.4280320692287	46							1	0	0	0	0	0	0	0
590	1	8.25102098742807	48							0	0	1	0	0	0	0	0
591	1	7.93844191545007	48							0	0	1	0	0	0	0	0
592	1	1.43065149379816	48							0	0	1	0	0	0	0	0
593	1	0.554404670046954	46	47	49	50	51	52	53	1	1	0	1	1	1	1	1
594	11	7.83467309910194	47							0	1	0	0	0	0	0	0
595	12	6.14153721724714	49							0	0	0	1	0	0	0	0
596	1	1.74452141800069	48							0	0	1	0	0	0	0	0
597	1	3.23200847224235	48							0	0	1	0	0	0	0	0
598	0	3.29725060189355	46							1	0	0	0	0	0	0	0
599	0	1.76804610800489	46							1	0	0	0	0	0	0	0
600	1	8.01367196287109	48							0	0	1	0	0	0	0	0
601	12	7	49							0	0	0	1	0	0	0	0
602	2	3	47	49	50	51	52	53		0	1	0	1	1	1	1	1
603	1	0.840363908751514	46	47	49	50	51	52	53	1	1	0	1	1	1	1	1
604	1	0.172667351287428	48							0	0	1	0	0	0	0	0
605	1	0	46	47	49	50	51	52	53	1	1	0	1	1	1	1	1
606	12	5.74226701973252	49							0	0	0	1	0	0	0	0
607	2	2.64214328372842	47	49	50	51	52	53		0	1	0	1	1	1	1	1
608	1	0.288401904608962	46	47	49	50	51	52	53	1	1	0	1	1	1	1	1
609	0	3.14590049991077	46							1	0	0	0	0	0	0	0
610	1	2.39278225540972	48							0	0	1	0	0	0	0	0
611	2	1.76313256657655	47	49	50	51	52	53		0	1	0	1	1	1	1	1
612	2	2.53588421884288	47	49	50	51	52	53		0	1	0	1	1	1	1	1
613	2	1.93886540308872	47	49	50	51	52	53		0	1	0	1	1	1	1	1
614	1	0	46	47	49	50	51	52	53	1	1	0	1	1	1	1	1
615	0	2.85767369883724	46							1	0	0	0	0	0	0	0
616	0	3.31903893888295	46							1	0	0	0	0	0	0	0
617	2	3	47	49	50	51	52	53		0	1	0	1	1	1	1	1
618	2	3	47	49	50	51	52	53		0	1	0	1	1	1	1	1
619	11	13.3480386269928	47							0	1	0	0	0	0	0	0
620	1	2.32093892497636	48							0	0	1	0	0	0	0	0
621	2	2.8017483552583	47	49	50	51	52	53		0	1	0	1	1	1	1	1
622	1	1	48							0	0	1	0	0	0	0	0
623	5	7.25608611187792	51							0	0	0	0	0	1	0	0
624	0	3.17112642822258	46							1	0	0	0	0	0	0	0
625	0	3.98756961661372	46							1	0	0	0	0	0	0	0
626	1	2.58761783110196	48							0	0	1	0	0	0	0	0
627	2	2.69727948526749	47	49	50	51	52	53		0	1	0	1	1	1	1	1
628	1	3	48							0	0	1	0	0	0	0	0
629	1	0	46	47	49	50	51	52	53	1	1	0	1	1	1	1	1
630	2	2.251032347184	47	49	50	51	52	53		0	1	0	1	1	1	1	1
631	1	8	48							0	0	1	0	0	0	0	0
632	0	1.52438753637832	46							1	0	0	0	0	0	0	0
633	12	7.00005283308824	49							0	0	0	1	0	0	0	0
634	1	4	48							0	0	1	0	0	0	0	0
635	11	13.3071368722943	47							0	1	0	0	0	0	0	0
636	2	1.7651177842547	47	49	50	51	52	53		0	1	0	1	1	1	1	1
637	1	6.62557160917105	48							0	0	1	0	0	0	0	0
638	1	4.48286957114476	48							0	0	1	0	0	0	0	0
639	1	1	48							0	0	1	0	0	0	0	0
640	1	4	48							0	0	1	0	0	0	0	0
641	1	0.00953437594617712	48							0	0	1	0	0	0	0	0
642	1	0	46	47	49	50	51	52	53	1	1	0	1	1	1	1	1
643	1	8.56220107639918	48							0	0	1	0	0	0	0	0
644	1	8.43417101024104	48							0	0	1	0	0	0	0	0
645	1	0.483940724967444	46	47	49	50	51	52	53	1	1	0	1	1	1	1	1
646	1	1	48							0	0	1	0	0	0	0	0
647	11	10	47							0	1	0	0	0	0	0	0
648	0	3.57553524687115	46							1	0	0	0	0	0	0	0
649	1	1.18481272686992	48							0	0	1	0	0	0	0	0
650	0	3.73346436298779	46							1	0	0	0	0	0	0	0
651	12	5.7117286295147	49							0	0	0	1	0	0	0	0
652	1	4	48							0	0	1	0	0	0	0	0
653	1	6.77834990703665	48							0	0	1	0	0	0	0	0
654	1	0	46	47	49	50	51	52	53	1	1	0	1	1	1	1	1
655	1	0	46	47	49	50	51	52	53	1	1	0	1	1	1	1	1
656	8	10.6880965544415	53							0	0	0	0	0	0	0	1
657	1	3.39684858737206	48							0	0	1	0	0	0	0	0
658	2	2.67461743407204	47	49	50	51	52	53		0	1	0	1	1	1	1	1
659	1	7.84537405299161	48							0	0	1	0	0	0	0	0
660	0	1.34060392307141	46							1	0	0	0	0	0	0	0
661	2	2.67448038545231	47	49	50	51	52	53		0	1	0	1	1	1	1	1
662	1	4	48							0	0	1	0	0	0	0	0
663	1	3	48							0	0	1	0	0	0	0	0
664	1	9	48							0	0	1	0	0	0	0	0
665	1	0	46	47	49	50	51	52	53	1	1	0	1	1	1	1	1
666	0	3.47990740759108	46							1	0	0	0	0	0	0	0
667	0	3.29558558405294	46							1	0	0	0	0	0	0	0
668	1	1.98879242382093	48							0	0	1	0	0	0	0	0
669	12	6.96088363908285	49							0	0	0	1	0	0	0	0
670	1	4.23544567731898	48							0	0	1	0	0	0	0	0
671	1	9	48							0	0	1	0	0	0	0	0
672	2	3	47	49	50	51	52	53		0	1	0	1	1	1	1	1
673	1	0.461200665175931	48							0	0	1	0	0	0	0	0
674	12	5.34973805230233	49							0	0	0	1	0	0	0	0
675	0	3.65374005815389	46							1	0	0	0	0	0	0	0
676	2	1	46							1	0	0	0	0	0	0	0
677	2	2.75775917635667	47	49	50	51	52	53		0	1	0	1	1	1	1	1
678	1	3.80129820221387	48							0	0	1	0	0	0	0	0
679	1	4	48							0	0	1	0	0	0	0	0
680	1	6.58058323156498	48							0	0	1	0	0	0	0	0
681	11	10.8172203881069	47							0	1	0	0	0	0	0	0
682	1	3	48							0	0	1	0	0	0	0	0
683	0	2	46							1	0	0	0	0	0	0	0
684	1	0	46	47	49	50	51	52	53	1	1	0	1	1	1	1	1
685	1	6.81307966815084	48							0	0	1	0	0	0	0	0
686	0	2.24317454351908	46							1	0	0	0	0	0	0	0
687	1	8.53561708303429	48							0	0	1	0	0	0	0	0
688	1	8	48							0	0	1	0	0	0	0	0
689	1	7.72136566736746	48							0	0	1	0	0	0	0	0
690	12	6	49							0	0	0	1	0	0	0	0
691	2	2	47	49	50	51	52	53		0	1	0	1	1	1	1	1
692	1	4	48							0	0	1	0	0	0	0	0
693	2	3	47	49	50	51	52	53		0	1	0	1	1	1	1	1
694	12	5.76740744328792	49							0	0	0	1	0	0	0	0
695	1	4	48							0	0	1	0	0	0	0	0
696	2	2.98425405207436	47	49	50	51	52	53		0	1	0	1	1	1	1	1
697	0	2.1886942344416	46							1	0	0	0	0	0	0	0
698	1	4.28626403269344	48							0	0	1	0	0	0	0	0
699	1	0	46	47	49	50	51	52	53	1	1	0	1	1	1	1	1
700	2	3	47	49	50	51	52	53		0	1	0	1	1	1	1	1
701	1	3	48							0	0	1	0	0	0	0	0
702	1	3.06540308340131	48							0	0	1	0	0	0	0	0
703	1	8	48							0	0	1	0	0	0	0	0
704	1	8.76449107180932	48							0	0	1	0	0	0	0	0
705	0	2.08021957712038	46							1	0	0	0	0	0	0	0
706	1	8.32627537502762	48							0	0	1	0	0	0	0	0
707	12	7	49							0	0	0	1	0	0	0	0
708	2	3	47	49	50	51	52	53		0	1	0	1	1	1	1	1
709	1	0	46	47	49	50	51	52	53	1	1	0	1	1	1	1	1
710	12	6.09099051105746	49							0	0	0	1	0	0	0	0
711	1	2	48							0	0	1	0	0	0	0	0
712	0	3.3863554406141	46							1	0	0	0	0	0	0	0
713	1	3.41200416340519	48							0	0	1	0	0	0	0	0
714	0	1.45302392166467	46							1	0	0	0	0	0	0	0
715	0	3.25830071451421	46							1	0	0	0	0	0	0	0
716	2	1.85376369968667	47	49	50	51	52	53		0	1	0	1	1	1	1	1
717	1	1.00345846716053	48							0	0	1	0	0	0	0	0
718	1	0.105287050474601	46	47	49	50	51	52	53	1	1	0	1	1	1	1	1
719	12	5	49							0	0	0	1	0	0	0	0
720	2	2	47	49	50	51	52	53		0	1	0	1	1	1	1	1
721	1	0.287134427198003	48							0	0	1	0	0	0	0	0
722	1	7	48							0	0	1	0	0	0	0	0
723	0	2.61502638479886	46							1	0	0	0	0	0	0	0
724	1	1.1055266888787	48							0	0	1	0	0	0	0	0
725	2	3	47	49	50	51	52	53		0	1	0	1	1	1	1	1
726	2	3	47	49	50	51	52	53		0	1	0	1	1	1	1	1
727	2	2.93187626809971	47	49	50	51	52	53		0	1	0	1	1	1	1	1
728	0	0.828948008514565	46	47	49	50	51	52	53	1	1	0	1	1	1	1	1
729	1	9	48							0	0	1	0	0	0	0	0
730	0	3.32071873856409	46							1	0	0	0	0	0	0	0
731	0	2.11070527184496	46							1	0	0	0	0	0	0	0
732	1	8.55563717258668	48							0	0	1	0	0	0	0	0
733	1	2.85851479432778	48							0	0	1	0	0	0	0	0
734	1	7.17635632112163	48							0	0	1	0	0	0	0	0
735	1	3	48							0	0	1	0	0	0	0	0
736	1	2.03852367703772	48							0	0	1	0	0	0	0	0
737	0	2.81964324498102	46							1	0	0	0	0	0	0	0
738	1	0	46	47	49	50	51	52	53	1	1	0	1	1	1	1	1
739	2	3	47	49	50	51	52	53		0	1	0	1	1	1	1	1
740	1	0.158508511883807	46	47	49	50	51	52	53	1	1	0	1	1	1	1	1
741	2	1.60298590537492	47	49	50	51	52	53		0	1	0	1	1	1	1	1
742	0	3.15167174564872	46							1	0	0	0	0	0	0	0
743	2	3.1697404069351	47	49	50	51	52	53		0	1	0	1	1	1	1	1
744	1	1	48							0	0	1	0	0	0	0	0
745	1	0.461104547708243	48							0	0	1	0	0	0	0	0
746	1	6.08234139685585	48							0	0	1	0	0	0	0	0
747	1	7.39156714106289	48							0	0	1	0	0	0	0	0
748	1	2.2250656499637	48							0	0	1	0	0	0	0	0
749	12	6.08770167061372	49							0	0	0	1	0	0	0	0
750	0	3	46							1	0	0	0	0	0	0	0
751	5	8.97642725067588	51							0	0	0	0	0	1	0	0
752	1	1.63535500381566	48							0	0	1	0	0	0	0	0
753	1	0.108242967915132	48							0	0	1	0	0	0	0	0
754	1	3.623973228372	48							0	0	1	0	0	0	0	0
755	1	2.70851799643581	48							0	0	1	0	0	0	0	0
756	11	10.6565503882452	47							0	1	0	0	0	0	0	0
757	2	1.65617407955978	47	49	50	51	52	53		0	1	0	1	1	1	1	1
758	0	3.0150506159473	46							1	0	0	0	0	0	0	0
759	1	0.197224980780723	46	47	49	50	51	52	53	1	1	0	1	1	1	1	1
760	0	3.42920741673357	46							1	0	0	0	0	0	0	0
761	0	3.66454957235302	46							1	0	0	0	0	0	0	0
762	0	2.93614904093305	46							1	0	0	0	0	0	0	0
763	10	7.91488930618791	52							0	0	0	0	0	0	1	0
764	1	9	48							0	0	1	0	0	0	0	0
765	2	3	47	49	50	51	52	53		0	1	0	1	1	1	1	1
766	1	0.136680482665196	46	47	49	50	51	52	53	1	1	0	1	1	1	1	1
767	1	3.27884135088682	48							0	0	1	0	0	0	0	0
768	12	6.64433020727273	49							0	0	0	1	0	0	0	0
769	1	8.14297458367292	48							0	0	1	0	0	0	0	0
770	1	0.871251038195312	46	47	49	50	51	52	53	1	1	0	1	1	1	1	1
771	1	3.67589708344104	48							0	0	1	0	0	0	0	0
772	2	3	47	49	50	51	52	53		0	1	0	1	1	1	1	1
773	11	9.88642671703474	47							0	1	0	0	0	0	0	0
774	12	4.81650775537793	49							0	0	0	1	0	0	0	0
775	2	2.49302891281097	47	49	50	51	52	53		0	1	0	1	1	1	1	1
776	1	1.26020946740036	48							0	0	1	0	0	0	0	0
777	1	8.17543242953241	48							0	0	1	0	0	0	0	0
778	1	0.679708879554406	46	47	49	50	51	52	53	1	1	0	1	1	1	1	1
779	1	0.0367913228910544	46	47	49	50	51	52	53	1	1	0	1	1	1	1	1
780	1	8.28903383429743	48							0	0	1	0	0	0	0	0
781	1	8.08033158880701	48							0	0	1	0	0	0	0	0
782	12	5.94720979229359	49							0	0	0	1	0	0	0	0
783	0	3.79010585436466	46							1	0	0	0	0	0	0	0
784	1	9	48							0	0	1	0	0	0	0	0
785	0	3	46							1	0	0	0	0	0	0	0
786	1	1	48							0	0	1	0	0	0	0	0
787	1	9	48							0	0	1	0	0	0	0	0
788	0	2	46							1	0	0	0	0	0	0	0
789	12	6	49							0	0	0	1	0	0	0	0
790	11	13.4659249592865	47							0	1	0	0	0	0	0	0
791	1	8.89459002196113	48							0	0	1	0	0	0	0	0
792	1	0	46	47	49	50	51	52	53	1	1	0	1	1	1	1	1
793	0	4	46							1	0	0	0	0	0	0	0
794	1	4	48							0	0	1	0	0	0	0	0
795	3	4.14695146680042	47	50	51	52	53			0	1	0	0	1	1	1	1
796	2	1.45266860777937	47	49	50	51	52	53		0	1	0	1	1	1	1	1
797	2	1	46							1	0	0	0	0	0	0	0
798	1	8.24595020627343	48							0	0	1	0	0	0	0	0
799	1	0.945762952631652	48							0	0	1	0	0	0	0	0
800	1	9	48							0	0	1	0	0	0	0	0
801	1	2	48							0	0	1	0	0	0	0	0
802	1	2.8212033303213	48							0	0	1	0	0	0	0	0
803	1	8.27386447442868	48							0	0	1	0	0	0	0	0
804	1	4.64084059800313	48							0	0	1	0	0	0	0	0
805	0	2.03456814683106	46							1	0	0	0	0	0	0	0
806	10	11.7356861415227	52							0	0	0	0	0	0	1	0
807	1	0.607267693188563	46	47	49	50	51	52	53	1	1	0	1	1	1	1	1
808	1	0	46	47	49	50	51	52	53	1	1	0	1	1	1	1	1
809	1	0	46	47	49	50	51	52	53	1	1	0	1	1	1	1	1
810	8	10.940886636709	53							0	0	0	0	0	0	0	1
811	1	8	48							0	0	1	0	0	0	0	0
812	12	4.78621080458732	49							0	0	0	1	0	0	0	0
813	2	1.91417388899958	47	49	50	51	52	53		0	1	0	1	1	1	1	1
814	0	2.01065636313702	46							1	0	0	0	0	0	0	0
815	12	7	49							0	0	0	1	0	0	0	0
816	1	2.5968709600759	48							0	0	1	0	0	0	0	0
817	1	7.75406826136511	48							0	0	1	0	0	0	0	0
818	1	0	46	47	49	50	51	52	53	1	1	0	1	1	1	1	1
819	1	3	48							0	0	1	0	0	0	0	0
820	1	0.567010275452663	48							0	0	1	0	0	0	0	0
821	1	0	46	47	49	50	51	52	53	1	1	0	1	1	1	1	1
822	1	1.48690622817328	48							0	0	1	0	0	0	0	0
823	0	3.4337949848462	46							1	0	0	0	0	0	0	0
824	11	11	47							0	1	0	0	0	0	0	0
825	1	3.08044916837868	48							0	0	1	0	0	0	0	0
826	1	4.07058947480087	48							0	0	1	0	0	0	0	0
827	1	7.57023542818731	48							0	0	1	0	0	0	0	0
828	2	1.9469318924775	47	49	50	51	52	53		0	1	0	1	1	1	1	1
829	1	8.7234583899008	48							0	0	1	0	0	0	0	0
830	0	2.12777955239304	46							1	0	0	0	0	0	0	0
831	1	0.84083237475204	48							0	0	1	0	0	0	0	0
832	2	1.77398396196363	47	49	50	51	52	53		0	1	0	1	1	1	1	1
833	0	3.88167450115569	46							1	0	0	0	0	0	0	0
834	1	0.166069532569275	46	47	49	50	51	52	53	1	1	0	1	1	1	1	1
835	1	0.216929364366611	46	47	49	50	51	52	53	1	1	0	1	1	1	1	1
836	1	8	48							0	0	1	0	0	0	0	0
837	1	0	46	47	49	50	51	52	53	1	1	0	1	1	1	1	1
838	2	3	47	49	50	51	52	53		0	1	0	1	1	1	1	1
839	0	3.65041363944829	46							1	0	0	0	0	0	0	0
840	1	3	48							0	0	1	0	0	0	0	0
841	2	2.38869466616564	47	49	50	51	52	53		0	1	0	1	1	1	1	1
842	2	1.52932189389547	47	49	50	51	52	53		0	1	0	1	1	1	1	1
843	1	2.19408640346384	48							0	0	1	0	0	0	0	0
844	1	0.666594485466979	48							0	0	1	0	0	0	0	0
845	1	1.44522187089619	48							0	0	1	0	0	0	0	0
846	1	0.469764467624801	48							0	0	1	0	0	0	0	0
847	12	5.42354702151689	49							0	0	0	1	0	0	0	0
848	0	2	46							1	0	0	0	0	0	0	0
849	11	10.1871017160294	47							0	1	0	0	0	0	0	0
850	8	10.1214385145297	53							0	0	0	0	0	0	0	1
851	1	0.133930905711561	48							0	0	1	0	0	0	0	0
852	1	4	48							0	0	1	0	0	0	0	0
853	0	3.21113601784103	46							1	0	0	0	0	0	0	0
854	0	3.43362218299221	46							1	0	0	0	0	0	0	0
855	1	4	48							0	0	1	0	0	0	0	0
856	0	1	46							1	0	0	0	0	0	0	0
857	1	3.75791085580462	48							0	0	1	0	0	0	0	0
858	2	2.60268276072815	47	49	50	51	52	53		0	1	0	1	1	1	1	1
859	0	1	46							1	0	0	0	0	0	0	0
860	1	1.82818523797237	48							0	0	1	0	0	0	0	0
861	1	1.71878888501707	48							0	0	1	0	0	0	0	0
862	1	2	48							0	0	1	0	0	0	0	0
863	1	7.02895678984523	48							0	0	1	0	0	0	0	0
864	1	4	48							0	0	1	0	0	0	0	0
865	1	6	48							0	0	1	0	0	0	0	0
866	1	0.708438931831321	48							0	0	1	0	0	0	0	0
867	1	8.12038591203372	48							0	0	1	0	0	0	0	0
868	1	0.611229067757121	48							0	0	1	0	0	0	0	0
869	12	5.00263954833369	49							0	0	0	1	0	0	0	0
870	1	3.85263939686011	48							0	0	1	0	0	0	0	0
871	1	7	48							0	0	1	0	0	0	0	0
872	0	1.35411955617978	46							1	0	0	0	0	0	0	0
873	1	1	48							0	0	1	0	0	0	0	0
874	1	8.46096662872511	48							0	0	1	0	0	0	0	0
875	1	9	48							0	0	1	0	0	0	0	0
876	1	0.014489683266806	46	47	49	50	51	52	53	1	1	0	1	1	1	1	1
877	1	2	48							0	0	1	0	0	0	0	0
878	1	8.42282641286852	48							0	0	1	0	0	0	0	0
879	1	0.107023067806675	46	47	49	50	51	52	53	1	1	0	1	1	1	1	1
880	0	3.71509350440155	46							1	0	0	0	0	0	0	0
881	0	1.60036701731395	46							1	0	0	0	0	0	0	0
882	12	6	49							0	0	0	1	0	0	0	0
883	1	8	48							0	0	1	0	0	0	0	0
884	1	0.226726139483231	48							0	0	1	0	0	0	0	0
885	1	1.4105718250224	48							0	0	1	0	0	0	0	0
886	1	0	46	47	49	50	51	52	53	1	1	0	1	1	1	1	1
887	2	1.76771958431332	47	49	50	51	52	53		0	1	0	1	1	1	1	1
888	1	1.95093955253122	48							0	0	1	0	0	0	0	0
889	2	2.59159403270815	47	49	50	51	52	53		0	1	0	1	1	1	1	1
890	12	5.30897069831795	49							0	0	0	1	0	0	0	0
891	0	3.50643858468651	46							1	0	0	0	0	0	0	0
892	1	0.853698082605347	48							0	0	1	0	0	0	0	0
893	2	1.38404972406702	47	49	50	51	52	53		0	1	0	1	1	1	1	1
894	2	2.97724523505013	47	49	50	51	52	53		0	1	0	1	1	1	1	1
895	1	0.390429099802156	46	47	49	50	51	52	53	1	1	0	1	1	1	1	1
896	1	7.18110458326382	48							0	0	1	0	0	0	0	0
897	11	10	47							0	1	0	0	0	0	0	0
898	1	1.18016849463241	48							0	0	1	0	0	0	0	0
899	2	3	47	49	50	51	52	53		0	1	0	1	1	1	1	1
900	1	0.485200001757548	48							0	0	1	0	0	0	0	0
901	2	1.72850938757275	47	49	50	51	52	53		0	1	0	1	1	1	1	1
902	2	2.80184838342577	47	49	50	51	52	53		0	1	0	1	1	1	1	1
903	2	3	47	49	50	51	52	53		0	1	0	1	1	1	1	1
904	2	2	47	49	50	51	52	53		0	1	0	1	1	1	1	1
905	1	0	46	47	49	50	51	52	53	1	1	0	1	1	1	1	1
906	1	0	46	47	49	50	51	52	53	1	1	0	1	1	1	1	1
907	1	8.1187987217493	48							0	0	1	0	0	0	0	0
908	0	3.84014628494765	46							1	0	0	0	0	0	0	0
909	0	2.83794677752577	46							1	0	0	0	0	0	0	0
910	1	1.96818677538842	48							0	0	1	0	0	0	0	0
911	2	3	47	49	50	51	52	53		0	1	0	1	1	1	1	1
912	1	7.64822642488674	48							0	0	1	0	0	0	0	0
913	12	5.05801214379047	49							0	0	0	1	0	0	0	0
914	0	2.74447360430251	46							1	0	0	0	0	0	0	0
915	1	8.639864071701	48							0	0	1	0	0	0	0	0
916	1	4	48							0	0	1	0	0	0	0	0
917	1	7.40335930672694	48							0	0	1	0	0	0	0	0
918	11	8.50911509075492	47							0	1	0	0	0	0	0	0
919	2	1.36166022864927	47	49	50	51	52	53		0	1	0	1	1	1	1	1
920	1	2.37457377327488	48							0	0	1	0	0	0	0	0
921	1	7.89714397961601	48							0	0	1	0	0	0	0	0
922	2	1.89005121943878	47	49	50	51	52	53		0	1	0	1	1	1	1	1
923	2	3	47	49	50	51	52	53		0	1	0	1	1	1	1	1
924	1	0	46	47	49	50	51	52	53	1	1	0	1	1	1	1	1
925	1	3.5061539619682	48							0	0	1	0	0	0	0	0
926	1	1.65799836025174	48							0	0	1	0	0	0	0	0
927	1	9	48							0	0	1	0	0	0	0	0
928	1	9	48							0	0	1	0	0	0	0	0
929	2	2.50185064032261	47	49	50	51	52	53		0	1	0	1	1	1	1	1
930	1	3	48							0	0	1	0	0	0	0	0
931	1	7.58895889590545	48							0	0	1	0	0	0	0	0
932	1	7.19464048421723	48							0	0	1	0	0	0	0	0
933	0	3.04634519980893	46							1	0	0	0	0	0	0	0
934	2	3	47	49	50	51	52	53		0	1	0	1	1	1	1	1
935	0	1.43602890345141	46							1	0	0	0	0	0	0	0
936	12	5.28928103178367	49							0	0	0	1	0	0	0	0
937	1	0.707093489420128	46	47	49	50	51	52	53	1	1	0	1	1	1	1	1
938	1	8	48							0	0	1	0	0	0	0	0
939	1	0.392706675935038	46	47	49	50	51	52	53	1	1	0	1	1	1	1	1
940	0	3.30778665550069	46							1	0	0	0	0	0	0	0
941	0	3	46							1	0	0	0	0	0	0	0
942	1	2.40083540635955	48							0	0	1	0	0	0	0	0
943	11	10.5292394756318	47							0	1	0	0	0	0	0	0
944	1	4	48							0	0	1	0	0	0	0	0
945	2	1	46							1	0	0	0	0	0	0	0
946	12	5.62569994224639	49							0	0	0	1	0	0	0	0
947	1	7.97492780686695	48							0	0	1	0	0	0	0	0
948	1	1	48							0	0	1	0	0	0	0	0
949	1	3.58849464118112	48							0	0	1	0	0	0	0	0
950	1	8	48							0	0	1	0	0	0	0	0
951	0	1.17445173382558	46							1	0	0	0	0	0	0	0
952	11	13.3357695402313	47							0	1	0	0	0	0	0	0
953	1	8.76407785187739	48							0	0	1	0	0	0	0	0
954	0	3.10648139642486	46							1	0	0	0	0	0	0	0
955	2	1.71373963798316	47	49	50	51	52	53		0	1	0	1	1	1	1	1
956	1	2.11961759361252	48							0	0	1	0	0	0	0	0
957	11	10.5228994457279	47							0	1	0	0	0	0	0	0
958	4	5.36473293922943	50	51	53					0	0	0	0	1	1	0	1
959	2	2.21631311245478	47	49	50	51	52	53		0	1	0	1	1	1	1	1
960	1	8.668868692386	48							0	0	1	0	0	0	0	0
961	1	5.83174396985097	48							0	0	1	0	0	0	0	0
962	1	6	48							0	0	1	0	0	0	0	0
963	12	5.85375256325167	49							0	0	0	1	0	0	0	0
964	0	4	46							1	0	0	0	0	0	0	0
965	1	4.52965054854019	48							0	0	1	0	0	0	0	0
966	12	5.24961800606221	49							0	0	0	1	0	0	0	0
967	1	0.0995952828443611	48							0	0	1	0	0	0	0	0
968	2	2.64986437019146	47	49	50	51	52	53		0	1	0	1	1	1	1	1
969	1	4.74693044518416	48							0	0	1	0	0	0	0	0
970	1	3.15251756981788	48							0	0	1	0	0	0	0	0
971	0	2.31432419236542	46							1	0	0	0	0	0	0	0
972	10	12	52							0	0	0	0	0	0	1	0
973	1	4	48							0	0	1	0	0	0	0	0
974	1	6.7289639082277	48							0	0	1	0	0	0	0	0
975	0	3	46							1	0	0	0	0	0	0	0
976	1	1.88232495541251	48							0	0	1	0	0	0	0	0
977	0	1.73727023782335	46							1	0	0	0	0	0	0	0
978	2	2	47	49	50	51	52	53		0	1	0	1	1	1	1	1
979	12	6	49							0	0	0	1	0	0	0	0
980	12	4.78631781056837	49							0	0	0	1	0	0	0	0
981	1	3.32291566296385	48							0	0	1	0	0	0	0	0
982	12	5.442310200213	49							0	0	0	1	0	0	0	0
983	1	8.44616332161981	48							0	0	1	0	0	0	0	0
984	12	5.56153859583833	49							0	0	0	1	0	0	0	0
985	0	2	46							1	0	0	0	0	0	0	0
986	12	7.61853814249035	49							0	0	0	1	0	0	0	0
987	1	2.45785479491692	48							0	0	1	0	0	0	0	0
988	10	9.01652405445224	52							0	0	0	0	0	0	1	0
989	1	6.37936957011016	48							0	0	1	0	0	0	0	0
990	0	2.3136107883912	46							1	0	0	0	0	0	0	0
991	11	9.22755478198196	47							0	1	0	0	0	0	0	0
992	1	4	48							0	0	1	0	0	0	0	0
993	1	4	48							0	0	1	0	0	0	0	0
994	12	5.19790799138742	49							0	0	0	1	0	0	0	0
995	1	2.78819163461524	48							0	0	1	0	0	0	0	0
996	1	3.33885073427896	48							0	0	1	0	0	0	0	0
997	1	6	48							0	0	1	0	0	0	0	0
998	11	9	47							0	1	0	0	0	0	0	0
999	11	10.131659910236	47							0	1	0	0	0	0	0	0
1000	1	6.80152142332304	48							0	0	1	0	0	0	0	0
1001	1	6.88966985573802	48							0	0	1	0	0	0	0	0
1002	8	10	53							0	0	0	0	0	0	0	1
1003	1	3.49266605954386	48							0	0	1	0	0	0	0	0
1004	12	5.15823649024404	49							0	0	0	1	0	0	0	0
1005	2	2.94845441215683	47	49	50	51	52	53		0	1	0	1	1	1	1	1
1006	11	10	47							0	1	0	0	0	0	0	0
1007	10	9	52							0	0	0	0	0	0	1	0
1008	1	4	48							0	0	1	0	0	0	0	0
1009	1	6	48							0	0	1	0	0	0	0	0
1010	1	0	46	47	49	50	51	52	53	1	1	0	1	1	1	1	1
1011	12	8.00927687213155	49							0	0	0	1	0	0	0	0
1012	1	1	48							0	0	1	0	0	0	0	0
1013	1	2.91949059298148	48							0	0	1	0	0	0	0	0
1014	2	2.97333837879913	47	49	50	51	52	53		0	1	0	1	1	1	1	1
1015	2	2.08290437917442	47	49	50	51	52	53		0	1	0	1	1	1	1	1
1016	11	8.6172795808592	47							0	1	0	0	0	0	0	0
1017	0	1.27443292029167	46							1	0	0	0	0	0	0	0
1018	1	8.09614453864722	48							0	0	1	0	0	0	0	0
1019	2	2.83003218299562	47	49	50	51	52	53		0	1	0	1	1	1	1	1
1020	1	1.61555365484499	48							0	0	1	0	0	0	0	0
1021	10	8.13364202360975	52							0	0	0	0	0	0	1	0
1022	11	10.5981974152296	47							0	1	0	0	0	0	0	0
1023	1	0.341963013250636	48							0	0	1	0	0	0	0	0
1024	12	6.73776623230268	49							0	0	0	1	0	0	0	0
1025	1	8.79900848608382	48							0	0	1	0	0	0	0	0
1026	1	1.23903880546932	48							0	0	1	0	0	0	0	0
1027	1	3.62124847111369	48							0	0	1	0	0	0	0	0
1028	11	10.4464454023778	47							0	1	0	0	0	0	0	0
1029	10	8	52							0	0	0	0	0	0	1	0
1030	1	1.32677030971568	48							0	0	1	0	0	0	0	0
1031	2	2	47	49	50	51	52	53		0	1	0	1	1	1	1	1
1032	0	3.17517203364606	46							1	0	0	0	0	0	0	0
1033	2	2.28666519323886	47	49	50	51	52	53		0	1	0	1	1	1	1	1
1034	0	1.46829018658075	46							1	0	0	0	0	0	0	0
1035	12	5	49							0	0	0	1	0	0	0	0
1036	1	0	46	47	49	50	51	52	53	1	1	0	1	1	1	1	1
1037	0	2.99043775240479	46							1	0	0	0	0	0	0	0
1038	1	0.535874455205086	46	47	49	50	51	52	53	1	1	0	1	1	1	1	1
1039	0	1.73816891475078	46							1	0	0	0	0	0	0	0
1040	0	1.29454083664534	46							1	0	0	0	0	0	0	0
1041	0	3.19206249809111	46							1	0	0	0	0	0	0	0
1042	1	8.26952999519086	48							0	0	1	0	0	0	0	0
1043	1	0.270744782404041	46	47	49	50	51	52	53	1	1	0	1	1	1	1	1
1044	0	3.90145435230125	46							1	0	0	0	0	0	0	0
1045	2	2.4882775324887	47	49	50	51	52	53		0	1	0	1	1	1	1	1
1046	0	1.78621666352581	46							1	0	0	0	0	0	0	0
1047	1	0	46	47	49	50	51	52	53	1	1	0	1	1	1	1	1
1048	11	10	47							0	1	0	0	0	0	0	0
1049	12	8	49							0	0	0	1	0	0	0	0
1050	1	7.42203443230163	48							0	0	1	0	0	0	0	0
1051	0	3.59209547295823	46							1	0	0	0	0	0	0	0
1052	0	4	46							1	0	0	0	0	0	0	0
1053	12	4.60226334711591	49							0	0	0	1	0	0	0	0
1054	1	6	48							0	0	1	0	0	0	0	0
1055	11	9	47							0	1	0	0	0	0	0	0
1056	2	2.557052333288	47	49	50	51	52	53		0	1	0	1	1	1	1	1
1057	4	5.73540296324665	50	51	53					0	0	0	0	1	1	0	1
1058	2	3.0426471515716	47	49	50	51	52	53		0	1	0	1	1	1	1	1
1059	1	9	48							0	0	1	0	0	0	0	0
1060	12	4.83276193063705	49							0	0	0	1	0	0	0	0
1061	2	3.82559606706186	47	49	50	51	52	53		0	1	0	1	1	1	1	1
1062	12	5.37113126422968	49							0	0	0	1	0	0	0	0
1063	10	11.9310446092273	52							0	0	0	0	0	0	1	0
1064	1	4.64340961946572	48							0	0	1	0	0	0	0	0
1065	0	3.97024507855806	46							1	0	0	0	0	0	0	0
1066	11	7.87996743681101	47							0	1	0	0	0	0	0	0
1067	8	10.5030569783788	53							0	0	0	0	0	0	0	1
1068	0	4	46							1	0	0	0	0	0	0	0
1069	2	3	47	49	50	51	52	53		0	1	0	1	1	1	1	1
1070	0	3.91860650390706	46							1	0	0	0	0	0	0	0
1071	0	1.08318323182206	46							1	0	0	0	0	0	0	0
1072	0	3.35603726367999	46							1	0	0	0	0	0	0	0
1073	12	6.85122570286646	49							0	0	0	1	0	0	0	0
1074	12	6.66495666591521	49							0	0	0	1	0	0	0	0
1075	1	0	46	47	49	50	51	52	53	1	1	0	1	1	1	1	1
1076	1	0.128861805576317	48							0	0	1	0	0	0	0	0
1077	0	2	46							1	0	0	0	0	0	0	0
1078	1	4	48							0	0	1	0	0	0	0	0
1079	1	1	48							0	0	1	0	0	0	0	0
1080	9	5.95041903476803	47	52						0	1	0	0	0	0	1	0
1081	12	5.10218961533024	49							0	0	0	1	0	0	0	0
1082	2	1.66861052293541	47	49	50	51	52	53		0	1	0	1	1	1	1	1
1083	12	6.15061111979805	49							0	0	0	1	0	0	0	0
1084	0	3.21272614500284	46							1	0	0	0	0	0	0	0
1085	1	4	48							0	0	1	0	0	0	0	0
1086	1	4	48							0	0	1	0	0	0	0	0
1087	0	1.46598531988869	46							1	0	0	0	0	0	0	0
1088	9	6.01978767391376	47	52						0	1	0	0	0	0	1	0
1089	10	8.89765333279192	52							0	0	0	0	0	0	1	0
1090	12	8.81373079750357	49							0	0	0	1	0	0	0	0
1091	1	4.94344568369978	48							0	0	1	0	0	0	0	0
1092	1	4	48							0	0	1	0	0	0	0	0
1093	1	7.17886389759022	48							0	0	1	0	0	0	0	0
1094	1	1	48							0	0	1	0	0	0	0	0
1095	0	1.82849347205307	46							1	0	0	0	0	0	0	0
1096	1	2	48							0	0	1	0	0	0	0	0
1097	1	2.71420670230377	48							0	0	1	0	0	0	0	0
1098	1	7	48							0	0	1	0	0	0	0	0
1099	0	3.25585913189065	46							1	0	0	0	0	0	0	0
1100	1	0	46	47	49	50	51	52	53	1	1	0	1	1	1	1	1
1101	2	3	47	49	50	51	52	53		0	1	0	1	1	1	1	1
1102	1	5.96408786303811	48							0	0	1	0	0	0	0	0
1103	1	4	48							0	0	1	0	0	0	0	0
1104	1	3	48							0	0	1	0	0	0	0	0
1105	1	4.37184372217207	48							0	0	1	0	0	0	0	0
1106	1	2.89781756840991	48							0	0	1	0	0	0	0	0
1107	11	10	47							0	1	0	0	0	0	0	0
1108	11	10.159982608001	47							0	1	0	0	0	0	0	0
1109	1	8.23364670647483	48							0	0	1	0	0	0	0	0
1110	12	6.54298117250039	49							0	0	0	1	0	0	0	0
1111	1	6.20625205755972	48							0	0	1	0	0	0	0	0
1112	1	2	48							0	0	1	0	0	0	0	0
1113	2	2.02583736819543	47	49	50	51	52	53		0	1	0	1	1	1	1	1
1114	1	3	48							0	0	1	0	0	0	0	0
1115	12	8.22991088968235	49							0	0	0	1	0	0	0	0
1116	0	3	46							1	0	0	0	0	0	0	0
1117	3	4.4217467629983	47	50	51	52	53			0	1	0	0	1	1	1	1
1118	12	7.79816954594605	49							0	0	0	1	0	0	0	0
1119	2	2.96773953787919	47	49	50	51	52	53		0	1	0	1	1	1	1	1
1120	1	4	48							0	0	1	0	0	0	0	0
1121	1	4	48							0	0	1	0	0	0	0	0
1122	1	2	48							0	0	1	0	0	0	0	0
1123	1	4	48							0	0	1	0	0	0	0	0
1124	12	8.33773946341792	49							0	0	0	1	0	0	0	0
1125	8	10	53							0	0	0	0	0	0	0	1
1126	1	7	48							0	0	1	0	0	0	0	0
1127	1	6.68488268252606	48							0	0	1	0	0	0	0	0
1128	0	1.97208976662574	46							1	0	0	0	0	0	0	0
1129	0	3.61366099537641	46							1	0	0	0	0	0	0	0
1130	0	3.77432523295818	46							1	0	0	0	0	0	0	0
1131	1	7	48							0	0	1	0	0	0	0	0
1132	1	1	48							0	0	1	0	0	0	0	0
1133	0	3.30790655029008	46							1	0	0	0	0	0	0	0
1134	2	2.50151743487934	47	49	50	51	52	53		0	1	0	1	1	1	1	1
1135	1	0.868956529727538	46	47	49	50	51	52	53	1	1	0	1	1	1	1	1
1136	1	0.122979776014541	46	47	49	50	51	52	53	1	1	0	1	1	1	1	1
1137	1	0	46	47	49	50	51	52	53	1	1	0	1	1	1	1	1
1138	0	1.18781804513396	46							1	0	0	0	0	0	0	0
1139	0	2.91061371051129	46							1	0	0	0	0	0	0	0
1140	1	4	48							0	0	1	0	0	0	0	0
1141	2	3	47	49	50	51	52	53		0	1	0	1	1	1	1	1
1142	1	6	48							0	0	1	0	0	0	0	0
1143	11	12.4273990433998	47							0	1	0	0	0	0	0	0
1144	2	2	47	49	50	51	52	53		0	1	0	1	1	1	1	1
1145	0	1.57900043363487	46							1	0	0	0	0	0	0	0
1146	2	3.92410895492761	47	49	50	51	52	53		0	1	0	1	1	1	1	1
1147	1	0	46	47	49	50	51	52	53	1	1	0	1	1	1	1	1
1148	2	3	47	49	50	51	52	53		0	1	0	1	1	1	1	1
1149	12	7.07890696582227	49							0	0	0	1	0	0	0	0
1150	0	2.5483866116897	46							1	0	0	0	0	0	0	0
1151	4	5.36376282822028	50	51	53					0	0	0	0	1	1	0	1
1152	1	4	48							0	0	1	0	0	0	0	0
1153	1	4	48							0	0	1	0	0	0	0	0
1154	1	6.16704080531262	48							0	0	1	0	0	0	0	0
1155	1	3.69897417934186	48							0	0	1	0	0	0	0	0
1156	1	5.88645419313997	48							0	0	1	0	0	0	0	0
1157	1	3	48							0	0	1	0	0	0	0	0
1158	1	3.91783342974225	48							0	0	1	0	0	0	0	0
1159	1	7.93397153823673	48							0	0	1	0	0	0	0	0
1160	1	0.557369520517605	46	47	49	50	51	52	53	1	1	0	1	1	1	1	1
1161	1	1.29494262124066	48							0	0	1	0	0	0	0	0
1162	1	4	48							0	0	1	0	0	0	0	0
1163	1	8.28486515727463	48							0	0	1	0	0	0	0	0
1164	1	4	48							0	0	1	0	0	0	0	0
1165	1	4	48							0	0	1	0	0	0	0	0
1166	1	7	48							0	0	1	0	0	0	0	0
1167	2	3	47	49	50	51	52	53		0	1	0	1	1	1	1	1
1168	2	3	47	49	50	51	52	53		0	1	0	1	1	1	1	1
1169	2	3	47	49	50	51	52	53		0	1	0	1	1	1	1	1
1170	11	8.17626051185285	47							0	1	0	0	0	0	0	0
1171	2	1.63064826023338	47	49	50	51	52	53		0	1	0	1	1	1	1	1
1172	2	3	47	49	50	51	52	53		0	1	0	1	1	1	1	1
1173	2	3	47	49	50	51	52	53		0	1	0	1	1	1	1	1
1174	0	2.83162728243198	46							1	0	0	0	0	0	0	0
1175	5	7.16940607363645	51							0	0	0	0	0	1	0	0
1176	2	1.03417817636923	47	49	50	51	52	53		0	1	0	1	1	1	1	1
1177	2	2.37978410700643	47	49	50	51	52	53		0	1	0	1	1	1	1	1
1178	2	3	47	49	50	51	52	53		0	1	0	1	1	1	1	1
1179	1	0	46	47	49	50	51	52	53	1	1	0	1	1	1	1	1
1180	0	3.26620665280813	46							1	0	0	0	0	0	0	0
1181	2	2	47	49	50	51	52	53		0	1	0	1	1	1	1	1
1182	0	3.02270156484453	46							1	0	0	0	0	0	0	0
1183	8	10.2047309353508	53							0	0	0	0	0	0	0	1
1184	2	2	47	49	50	51	52	53		0	1	0	1	1	1	1	1
1185	11	10	47							0	1	0	0	0	0	0	0
1186	2	3	47	49	50	51	52	53		0	1	0	1	1	1	1	1
1187	0	3.00531053399345	46							1	0	0	0	0	0	0	0
1188	11	10.3782444251571	47							0	1	0	0	0	0	0	0
1189	0	2.30717773705296	46							1	0	0	0	0	0	0	0
1190	1	3	48							0	0	1	0	0	0	0	0
1191	1	6.48810105793627	48							0	0	1	0	0	0	0	0
1192	11	10.3805965083054	47							0	1	0	0	0	0	0	0
1193	1	8.21779110023465	48							0	0	1	0	0	0	0	0
1194	0	2.44485326645461	46							1	0	0	0	0	0	0	0
1195	8	10.382285761432	53							0	0	0	0	0	0	0	1
1196	12	5.66632974174853	49							0	0	0	1	0	0	0	0
1197	1	8	48							0	0	1	0	0	0	0	0
1198	12	8	49							0	0	0	1	0	0	0	0
1199	1	3.23739255431128	48							0	0	1	0	0	0	0	0
1200	11	10	47							0	1	0	0	0	0	0	0
1201	0	2.34971825880264	46							1	0	0	0	0	0	0	0
1202	0	3.18265263464352	46							1	0	0	0	0	0	0	0
1203	0	3.02743425173541	46							1	0	0	0	0	0	0	0
1204	11	13.0622561252019	47							0	1	0	0	0	0	0	0
1205	12	5.44556609710492	49							0	0	0	1	0	0	0	0
1206	8	11	53							0	0	0	0	0	0	0	1
1207	12	8.26420772913074	49							0	0	0	1	0	0	0	0
1208	11	10	47							0	1	0	0	0	0	0	0
1209	12	7	49							0	0	0	1	0	0	0	0
1210	1	3	48							0	0	1	0	0	0	0	0
1211	1	4	48							0	0	1	0	0	0	0	0
1212	1	4.1521257192737	48							0	0	1	0	0	0	0	0
1213	2	3	47	49	50	51	52	53		0	1	0	1	1	1	1	1
1214	12	6.92158216815024	49							0	0	0	1	0	0	0	0
1215	2	3	47	49	50	51	52	53		0	1	0	1	1	1	1	1
1216	1	7	48							0	0	1	0	0	0	0	0
1217	12	8.06453129315713	49							0	0	0	1	0	0	0	0
1218	1	3.2655541642564	48							0	0	1	0	0	0	0	0
1219	1	7.33859283805116	48							0	0	1	0	0	0	0	0
1220	1	4	48							0	0	1	0	0	0	0	0
1221	11	12.7280914968351	47							0	1	0	0	0	0	0	0
1222	11	10	47							0	1	0	0	0	0	0	0
1223	1	6.262230844081	48							0	0	1	0	0	0	0	0
1224	1	0	46	47	49	50	51	52	53	1	1	0	1	1	1	1	1
1225	2	1.41894102413556	47	49	50	51	52	53		0	1	0	1	1	1	1	1
1226	1	6.51751295471051	48							0	0	1	0	0	0	0	0
1227	1	2.39654101267148	48							0	0	1	0	0	0	0	0
1228	1	6.5827782246452	48							0	0	1	0	0	0	0	0
1229	0	4	46							1	0	0	0	0	0	0	0
1230	1	2.32535404228194	48							0	0	1	0	0	0	0	0
1231	12	8.27009933401229	49							0	0	0	1	0	0	0	0
1232	11	10	47							0	1	0	0	0	0	0	0
1233	12	7.6329149093289	49							0	0	0	1	0	0	0	0
1234	1	6	48							0	0	1	0	0	0	0	0
1235	11	8.17794857662729	47							0	1	0	0	0	0	0	0
1236	11	10.4184415365712	47							0	1	0	0	0	0	0	0
1237	11	10	47							0	1	0	0	0	0	0	0
1238	0	4	46							1	0	0	0	0	0	0	0
1239	0	3.9550545511281	46							1	0	0	0	0	0	0	0
1240	2	2	47	49	50	51	52	53		0	1	0	1	1	1	1	1
1241	0	3	46							1	0	0	0	0	0	0	0
1242	1	0	46	47	49	50	51	52	53	1	1	0	1	1	1	1	1
1243	2	3.90886386345542	47	49	50	51	52	53		0	1	0	1	1	1	1	1
1244	0	3.65189773369186	46							1	0	0	0	0	0	0	0
1245	1	7.98051744723448	48							0	0	1	0	0	0	0	0
1246	11	10	47							0	1	0	0	0	0	0	0
1247	0	3.50720118815538	46							1	0	0	0	0	0	0	0
1248	10	9.34265122209053	52							0	0	0	0	0	0	1	0
1249	0	2	46							1	0	0	0	0	0	0	0
1250	2	2.04798230415877	47	49	50	51	52	53		0	1	0	1	1	1	1	1
1251	1	5.85997640506216	48							0	0	1	0	0	0	0	0
1252	12	8.27084181692504	49							0	0	0	1	0	0	0	0
1253	0	1.70532492953084	46							1	0	0	0	0	0	0	0
1254	1	1.62504473712292	48							0	0	1	0	0	0	0	0
1255	2	3	47	49	50	51	52	53		0	1	0	1	1	1	1	1
1256	2	3	47	49	50	51	52	53		0	1	0	1	1	1	1	1
1257	2	3	47	49	50	51	52	53		0	1	0	1	1	1	1	1
1258	11	10.7059559513641	47							0	1	0	0	0	0	0	0
1259	2	3	47	49	50	51	52	53		0	1	0	1	1	1	1	1
1260	12	6.84802743638407	49							0	0	0	1	0	0	0	0
1261	2	3	47	49	50	51	52	53		0	1	0	1	1	1	1	1
1262	2	3.36893018796832	47	49	50	51	52	53		0	1	0	1	1	1	1	1
1263	11	12.288565498105	47							0	1	0	0	0	0	0	0
1264	1	2.818407280461	48							0	0	1	0	0	0	0	0
1265	11	10.5453291483003	47							0	1	0	0	0	0	0	0
1266	2	3	47	49	50	51	52	53		0	1	0	1	1	1	1	1
1267	0	2.29932680902106	46							1	0	0	0	0	0	0	0
1268	6	6.70487421311876	50	53						0	0	0	0	1	0	0	1
1269	1	3.94340610222062	48							0	0	1	0	0	0	0	0
1270	2	2.36803189771519	47	49	50	51	52	53		0	1	0	1	1	1	1	1
1271	2	1.53255412092252	47	49	50	51	52	53		0	1	0	1	1	1	1	1
1272	11	10.1623655175825	47							0	1	0	0	0	0	0	0
1273	12	7.37949042745406	49							0	0	0	1	0	0	0	0
1274	12	8	49							0	0	0	1	0	0	0	0
1275	0	1.64039481423102	46							1	0	0	0	0	0	0	0
1276	1	0.154731187458932	48							0	0	1	0	0	0	0	0
1277	0	2.01844516594138	46							1	0	0	0	0	0	0	0
1278	12	8.00427529882	49							0	0	0	1	0	0	0	0
1279	1	4.77452296131935	48							0	0	1	0	0	0	0	0
1280	11	9.45018571226982	47							0	1	0	0	0	0	0	0
1281	1	1	48							0	0	1	0	0	0	0	0
1282	0	3.34408886105974	46							1	0	0	0	0	0	0	0
1283	1	4.45528563037918	48							0	0	1	0	0	0	0	0
1284	1	4	48							0	0	1	0	0	0	0	0
1285	1	6.85249927363104	48							0	0	1	0	0	0	0	0
1286	0	3.61236505020765	46							1	0	0	0	0	0	0	0
1287	12	8.05346584516356	49							0	0	0	1	0	0	0	0
1288	12	6.86541586342767	49							0	0	0	1	0	0	0	0
1289	0	0.589948616434439	46	47	49	50	51	52	53	1	1	0	1	1	1	1	1
1290	2	2.25745889538146	47	49	50	51	52	53		0	1	0	1	1	1	1	1
1291	0	2.8106115029252	46							1	0	0	0	0	0	0	0
1292	2	1.03269471708645	47	49	50	51	52	53		0	1	0	1	1	1	1	1
1293	1	0.125824745241815	48							0	0	1	0	0	0	0	0
1294	12	5.469951742164	49							0	0	0	1	0	0	0	0
1295	1	0	46	47	49	50	51	52	53	1	1	0	1	1	1	1	1
1296	0	3.76654581880055	46							1	0	0	0	0	0	0	0
1297	2	3	47	49	50	51	52	53		0	1	0	1	1	1	1	1
1298	1	0	46	47	49	50	51	52	53	1	1	0	1	1	1	1	1
1299	0	2	46							1	0	0	0	0	0	0	0
1300	2	1.56273540220008	47	49	50	51	52	53		0	1	0	1	1	1	1	1
1301	0	3.13490273796991	46							1	0	0	0	0	0	0	0
1302	0	3.2618233887888	46							1	0	0	0	0	0	0	0
1303	1	7	48							0	0	1	0	0	0	0	0
1304	0	2.63360895875395	46							1	0	0	0	0	0	0	0
1305	0	3.02211540623889	46							1	0	0	0	0	0	0	0
1306	0	2.27563782426917	46							1	0	0	0	0	0	0	0
1307	0	1.85091051606261	46							1	0	0	0	0	0	0	0
1308	1	3.22124820150292	48							0	0	1	0	0	0	0	0
1309	1	6	48							0	0	1	0	0	0	0	0
1310	12	7	49							0	0	0	1	0	0	0	0
1311	8	10.8787137444176	53							0	0	0	0	0	0	0	1
1312	1	7.35130101490947	48							0	0	1	0	0	0	0	0
1313	2	4.26285044501655	49							0	0	0	1	0	0	0	0
1314	1	0.822684762327975	48							0	0	1	0	0	0	0	0
1315	1	1.09820763237261	48							0	0	1	0	0	0	0	0
1316	1	0.549750167283045	46	47	49	50	51	52	53	1	1	0	1	1	1	1	1
1317	9	7.06571700394869	47							0	1	0	0	0	0	0	0
1318	0	4	46							1	0	0	0	0	0	0	0
1319	12	8.21645524154898	49							0	0	0	1	0	0	0	0
1320	12	5.64364532708724	49							0	0	0	1	0	0	0	0
1321	2	3	47	49	50	51	52	53		0	1	0	1	1	1	1	1
1322	10	8.13047492978736	52							0	0	0	0	0	0	1	0
1323	2	3.25778303527097	47	49	50	51	52	53		0	1	0	1	1	1	1	1
1324	10	7.64624223502368	52							0	0	0	0	0	0	1	0
1325	5	11.1608544467306	51							0	0	0	0	0	1	0	0
1326	5	11.2999750297372	51							0	0	0	0	0	1	0	0
1327	5	6.68725151116564	51							0	0	0	0	0	1	0	0
1328	11	13.2739071451974	47							0	1	0	0	0	0	0	0
1329	12	4.35267807268649	49							0	0	0	1	0	0	0	0
1330	5	10.0619201296734	51							0	0	0	0	0	1	0	0
1331	5	8.05844886356018	51							0	0	0	0	0	1	0	0
1332	12	6.32704525379894	49							0	0	0	1	0	0	0	0
1333	0	4	46							1	0	0	0	0	0	0	0
1334	5	8	51							0	0	0	0	0	1	0	0
1335	12	8.28722907981778	49							0	0	0	1	0	0	0	0
1336	7	12.4038968465709	50							0	0	0	0	1	0	0	0
1337	5	8.11372883734771	51							0	0	0	0	0	1	0	0
1338	5	8.64489538331391	51							0	0	0	0	0	1	0	0
1339	11	12.5865079346293	47							0	1	0	0	0	0	0	0
1340	12	9	49							0	0	0	1	0	0	0	0
1341	5	8	51							0	0	0	0	0	1	0	0
1342	5	7	51							0	0	0	0	0	1	0	0
1343	5	8.15950098153058	51							0	0	0	0	0	1	0	0
1344	5	7	51							0	0	0	0	0	1	0	0
1345	5	9	51							0	0	0	0	0	1	0	0
1346	1	9	48							0	0	1	0	0	0	0	0
1347	5	7.25690879234953	51							0	0	0	0	0	1	0	0
1348	5	7.54998336871735	51							0	0	0	0	0	1	0	0
1349	5	8	51							0	0	0	0	0	1	0	0
1350	5	8	51							0	0	0	0	0	1	0	0
1351	5	12	51							0	0	0	0	0	1	0	0
1352	6	7	50	53						0	0	0	0	1	0	0	1
1353	8	10.7373715615183	53							0	0	0	0	0	0	0	1
1354	12	8.43951103020253	49							0	0	0	1	0	0	0	0
1355	11	13.0302634476667	47							0	1	0	0	0	0	0	0
1356	7	12.4863908646488	50							0	0	0	0	1	0	0	0
1357	5	11.1780727423524	51							0	0	0	0	0	1	0	0
1358	5	8	51							0	0	0	0	0	1	0	0
1359	8	11	53							0	0	0	0	0	0	0	1
1360	7	12.2421193338401	50							0	0	0	0	1	0	0	0
1361	5	7	51							0	0	0	0	0	1	0	0
1362	7	12	50							0	0	0	0	1	0	0	0
1363	7	13	50							0	0	0	0	1	0	0	0
1364	8	10.8741069690308	53							0	0	0	0	0	0	0	1
1365	7	12.431169441474	50							0	0	0	0	1	0	0	0
1366	7	12	50							0	0	0	0	1	0	0	0
1367	7	12.3480754830489	50							0	0	0	0	1	0	0	0
1368	7	12.3470151879071	50							0	0	0	0	1	0	0	0
1369	5	8	51							0	0	0	0	0	1	0	0
1370	11	13.908116406846	47							0	1	0	0	0	0	0	0
1371	7	12.0067063174786	50							0	0	0	0	1	0	0	0
1372	7	12.250160072467	50							0	0	0	0	1	0	0	0
1373	7	12.0590264428804	50							0	0	0	0	1	0	0	0
1374	7	12.0793069869012	50							0	0	0	0	1	0	0	0
1375	10	11.5844800041223	52							0	0	0	0	0	0	1	0
1376	11	14	47							0	1	0	0	0	0	0	0
1377	5	7.75309204810727	51							0	0	0	0	0	1	0	0
1378	1	5.15855569001214	48							0	0	1	0	0	0	0	0
1379	10	8	52							0	0	0	0	0	0	1	0
1380	7	11.9509737508955	50							0	0	0	0	1	0	0	0
1381	5	11.4144296058108	51							0	0	0	0	0	1	0	0
1382	9	5.7030019751184	47	52						0	1	0	0	0	0	1	0
1383	5	7.02443349494957	51							0	0	0	0	0	1	0	0
1384	5	8	51							0	0	0	0	0	1	0	0
1385	11	13.3772373078297	47							0	1	0	0	0	0	0	0
1386	12	5.06737079198453	49							0	0	0	1	0	0	0	0
1387	2	3	47	49	50	51	52	53		0	1	0	1	1	1	1	1
1388	0	2.40093540078405	46							1	0	0	0	0	0	0	0
1389	7	13	50							0	0	0	0	1	0	0	0
1390	11	13.1661510122683	47							0	1	0	0	0	0	0	0
1391	12	4.63058739984172	49							0	0	0	1	0	0	0	0
1392	2	3	47	49	50	51	52	53		0	1	0	1	1	1	1	1
1393	11	13.4485080312308	47							0	1	0	0	0	0	0	0
1394	11	9	47							0	1	0	0	0	0	0	0
1395	11	10.4859246585737	47							0	1	0	0	0	0	0	0
1396	5	7.93315844644713	51							0	0	0	0	0	1	0	0
1397	8	10.9598976682634	53							0	0	0	0	0	0	0	1
1398	5	11	51							0	0	0	0	0	1	0	0
1399	12	9	49							0	0	0	1	0	0	0	0
1400	5	11.2658370576851	51							0	0	0	0	0	1	0	0
1401	5	11.4421425287736	51							0	0	0	0	0	1	0	0
1402	5	8.49002030076323	51							0	0	0	0	0	1	0	0
1403	8	10.9124307093002	53							0	0	0	0	0	0	0	1
1404	12	6.21892757749094	49							0	0	0	1	0	0	0	0
1405	5	7.20870208895003	51							0	0	0	0	0	1	0	0
1406	5	7.70324744492398	51							0	0	0	0	0	1	0	0
1407	5	7.28689422815558	51							0	0	0	0	0	1	0	0
1408	5	9.95049292737042	51							0	0	0	0	0	1	0	0
1409	5	8.00517313511822	51							0	0	0	0	0	1	0	0
1410	5	6.76575305249022	51							0	0	0	0	0	1	0	0
1411	11	9.58183165406624	47							0	1	0	0	0	0	0	0
1412	5	11.3488896337008	51							0	0	0	0	0	1	0	0
1413	5	7	51							0	0	0	0	0	1	0	0
1414	5	11.1169699456503	51							0	0	0	0	0	1	0	0
1415	11	13.749735083498	47							0	1	0	0	0	0	0	0
1416	11	12.142787289475	47							0	1	0	0	0	0	0	0
1417	5	7	51							0	0	0	0	0	1	0	0
1418	12	8.07364328321649	49							0	0	0	1	0	0	0	0
1419	11	13.1983892727901	47							0	1	0	0	0	0	0	0
1420	1	9	48							0	0	1	0	0	0	0	0
1421	7	11.8539426725569	50							0	0	0	0	1	0	0	0
1422	2	2.70522978857348	47	49	50	51	52	53		0	1	0	1	1	1	1	1
1423	12	8.34577778984029	49							0	0	0	1	0	0	0	0
1424	5	8	51							0	0	0	0	0	1	0	0
1425	11	8	47							0	1	0	0	0	0	0	0
1426	12	8.44714850926834	49							0	0	0	1	0	0	0	0
1427	12	8.35903097392713	49							0	0	0	1	0	0	0	0
1428	1	0.888864018961324	48							0	0	1	0	0	0	0	0
1429	11	14	47							0	1	0	0	0	0	0	0
1430	7	13	50							0	0	0	0	1	0	0	0
1431	12	8.54329047621651	49							0	0	0	1	0	0	0	0
1432	7	12	50							0	0	0	0	1	0	0	0
1433	5	8.66742973702602	51							0	0	0	0	0	1	0	0
1434	2	3.66371901259519	47	49	50	51	52	53		0	1	0	1	1	1	1	1
1435	10	11.3944200777264	52							0	0	0	0	0	0	1	0
1436	12	9	49							0	0	0	1	0	0	0	0
1437	12	8.16320094800178	49							0	0	0	1	0	0	0	0
1438	3	4.47776033017958	47	50	51	52	53			0	1	0	0	1	1	1	1
1439	12	9	49							0	0	0	1	0	0	0	0
1440	12	5.96908978460144	49							0	0	0	1	0	0	0	0
1441	11	10	47							0	1	0	0	0	0	0	0
1442	5	6.55060029905658	51							0	0	0	0	0	1	0	0
1443	5	11	51							0	0	0	0	0	1	0	0
1444	5	11.0242326837341	51							0	0	0	0	0	1	0	0
1445	12	8.319418500386	49							0	0	0	1	0	0	0	0
1446	5	7	51							0	0	0	0	0	1	0	0
1447	7	12.3552217189212	50							0	0	0	0	1	0	0	0
1448	5	8	51							0	0	0	0	0	1	0	0
1449	7	12.7480173030431	50							0	0	0	0	1	0	0	0
1450	5	11.2639239128281	51							0	0	0	0	0	1	0	0
1451	5	7.40889699417374	51							0	0	0	0	0	1	0	0
1452	5	8	51							0	0	0	0	0	1	0	0
1453	0	4	46							1	0	0	0	0	0	0	0
1454	5	8.18293802549607	51							0	0	0	0	0	1	0	0
1455	5	10.1061324086037	51							0	0	0	0	0	1	0	0
1456	5	8	51							0	0	0	0	0	1	0	0
1457	5	7.05515520656592	51							0	0	0	0	0	1	0	0
1458	5	6.20786216003811	51							0	0	0	0	0	1	0	0
1459	5	8.42157985659661	51							0	0	0	0	0	1	0	0
1460	11	11	47							0	1	0	0	0	0	0	0
1461	7	11.5816694746179	50							0	0	0	0	1	0	0	0
1462	7	12.2024584890714	50							0	0	0	0	1	0	0	0
1463	11	13.1526585157615	47							0	1	0	0	0	0	0	0
1464	5	11	51							0	0	0	0	0	1	0	0
1465	8	10.7603034676038	53							0	0	0	0	0	0	0	1
1466	10	8.74292575518754	52							0	0	0	0	0	0	1	0
1467	11	11.082832313922	47							0	1	0	0	0	0	0	0
1468	5	9.70615727821369	51							0	0	0	0	0	1	0	0
1469	5	7	51							0	0	0	0	0	1	0	0
1470	5	8	51							0	0	0	0	0	1	0	0
1471	2	3.37072139053834	47	49	50	51	52	53		0	1	0	1	1	1	1	1
1472	10	8.08420129540736	52							0	0	0	0	0	0	1	0
1473	7	12.9990113685018	50							0	0	0	0	1	0	0	0
1474	7	12	50							0	0	0	0	1	0	0	0
1475	1	9	48							0	0	1	0	0	0	0	0
1476	5	7.99741148636547	51							0	0	0	0	0	1	0	0
1477	5	11.332825959904	51							0	0	0	0	0	1	0	0
1478	5	7.83756512017394	51							0	0	0	0	0	1	0	0
1479	5	12	51							0	0	0	0	0	1	0	0
1480	11	13.7686090366059	47							0	1	0	0	0	0	0	0
1481	12	7.4496712266437	49							0	0	0	1	0	0	0	0
1482	11	9.06385019834672	47							0	1	0	0	0	0	0	0
1483	5	8	51							0	0	0	0	0	1	0	0
1484	5	11	51							0	0	0	0	0	1	0	0
1485	7	12.2329472833254	50							0	0	0	0	1	0	0	0
1486	5	11.4523491770534	51							0	0	0	0	0	1	0	0
1487	5	8.68725076221675	51							0	0	0	0	0	1	0	0
1488	5	8	51							0	0	0	0	0	1	0	0
1489	5	11.6268989740892	51							0	0	0	0	0	1	0	0
1490	7	12	50							0	0	0	0	1	0	0	0
1491	7	12.0480176874807	50							0	0	0	0	1	0	0	0
1492	5	6.74737639421467	51							0	0	0	0	0	1	0	0
1493	5	11.6414991524557	51							0	0	0	0	0	1	0	0
1494	5	11.5157738525438	51							0	0	0	0	0	1	0	0
1495	5	9.63221379274985	51							0	0	0	0	0	1	0	0
1496	7	12.0500745317763	50							0	0	0	0	1	0	0	0
1497	4	5.34663830596192	50	51	53					0	0	0	0	1	1	0	1
1498	5	7	51							0	0	0	0	0	1	0	0
1499	5	11.7056979242373	51							0	0	0	0	0	1	0	0
1500	1	1	48							0	0	1	0	0	0	0	0
1501	12	5.1325621426049	49							0	0	0	1	0	0	0	0
1502	11	11.5160616206239	47							0	1	0	0	0	0	0	0
1503	12	8.6562930545578	49							0	0	0	1	0	0	0	0
1504	8	9.56184691794896	53							0	0	0	0	0	0	0	1
1505	11	13.945856574196	47							0	1	0	0	0	0	0	0
1506	7	12	50							0	0	0	0	1	0	0	0
1507	12	4.86972151393724	49							0	0	0	1	0	0	0	0
1508	12	8.13905108844755	49							0	0	0	1	0	0	0	0
1509	10	11.4743786507581	52							0	0	0	0	0	0	1	0
1510	0	3.50845155948248	46							1	0	0	0	0	0	0	0
1511	5	7.24722286772043	51							0	0	0	0	0	1	0	0
1512	7	12.1654002051598	50							0	0	0	0	1	0	0	0
1513	7	12.3230881991863	50							0	0	0	0	1	0	0	0
1514	5	8	51							0	0	0	0	0	1	0	0
1515	11	11.4905716385442	47							0	1	0	0	0	0	0	0
1516	5	8.88982416838479	51							0	0	0	0	0	1	0	0
1517	5	11.1948741641438	51							0	0	0	0	0	1	0	0
1518	5	8.66093500663753	51							0	0	0	0	0	1	0	0
1519	5	12	51							0	0	0	0	0	1	0	0
1520	1	8.71404405725136	48							0	0	1	0	0	0	0	0
1521	5	12	51							0	0	0	0	0	1	0	0
1522	5	7	51							0	0	0	0	0	1	0	0
1523	5	11.6200845134985	51							0	0	0	0	0	1	0	0
1524	5	11.3832771429216	51							0	0	0	0	0	1	0	0
1525	5	11.3890166178319	51							0	0	0	0	0	1	0	0
1526	3	4.32976406161312	47	50	51	52	53			0	1	0	0	1	1	1	1
1527	7	12.1362977735161	50							0	0	0	0	1	0	0	0
1528	5	9.98378726529071	51							0	0	0	0	0	1	0	0
1529	5	11	51							0	0	0	0	0	1	0	0
1530	5	6.67162365298552	51							0	0	0	0	0	1	0	0
1531	5	8	51							0	0	0	0	0	1	0	0
1532	5	6.57740929841604	51							0	0	0	0	0	1	0	0
1533	12	5.09815859428027	49							0	0	0	1	0	0	0	0
1534	7	12	50							0	0	0	0	1	0	0	0
1535	7	12.6791468532543	50							0	0	0	0	1	0	0	0
1536	5	10.076195482734	51							0	0	0	0	0	1	0	0
1537	7	12.2115084970216	50							0	0	0	0	1	0	0	0
1538	11	13.8589620767149	47							0	1	0	0	0	0	0	0
1539	12	8.22990707475862	49							0	0	0	1	0	0	0	0
1540	2	3.2852736887176	47	49	50	51	52	53		0	1	0	1	1	1	1	1
1541	9	5.47443375170662	47	52						0	1	0	0	0	0	1	0
1542	5	8.02066124819481	51							0	0	0	0	0	1	0	0
1543	12	6.07316673878835	49							0	0	0	1	0	0	0	0
1544	5	8	51							0	0	0	0	0	1	0	0
1545	7	12.17377137228	50							0	0	0	0	1	0	0	0
1546	11	9.13041918839603	47							0	1	0	0	0	0	0	0
1547	5	11.8758979317301	51							0	0	0	0	0	1	0	0
1548	1	1	48							0	0	1	0	0	0	0	0
1549	7	12.6047967861442	50							0	0	0	0	1	0	0	0
1550	5	12	51							0	0	0	0	0	1	0	0
1551	5	7	51							0	0	0	0	0	1	0	0
1552	7	12.4024227693756	50							0	0	0	0	1	0	0	0
1553	5	7	51							0	0	0	0	0	1	0	0
1554	1	4	48							0	0	1	0	0	0	0	0
1555	10	8.14178911330423	52							0	0	0	0	0	0	1	0
1556	7	12.1105200697319	50							0	0	0	0	1	0	0	0
1557	7	12.5283514909111	50							0	0	0	0	1	0	0	0
1558	7	12.684919721987	50							0	0	0	0	1	0	0	0
1559	5	8	51							0	0	0	0	0	1	0	0
1560	5	11.0372212799929	51							0	0	0	0	0	1	0	0
1561	7	12.3637690780119	50							0	0	0	0	1	0	0	0
1562	11	13.6661710200853	47							0	1	0	0	0	0	0	0
1563	8	10.5658852582457	53							0	0	0	0	0	0	0	1
1564	5	6.17714364394633	51							0	0	0	0	0	1	0	0
1565	7	12	50							0	0	0	0	1	0	0	0
1566	7	12.2240792820593	50							0	0	0	0	1	0	0	0
1567	7	12.6256178287205	50							0	0	0	0	1	0	0	0
1568	7	12.0844749843629	50							0	0	0	0	1	0	0	0
1569	7	12.1976486470529	50							0	0	0	0	1	0	0	0
1570	7	12	50							0	0	0	0	1	0	0	0
1571	5	11.5046073732433	51							0	0	0	0	0	1	0	0
1572	11	13.1264467003121	47							0	1	0	0	0	0	0	0
1573	5	11.929302125348	51							0	0	0	0	0	1	0	0
